610,
610,
610,
610,
610,
610,
610,
610,
610,
610,
610,
610,
610,
610,
610,
610,
610,
610,
610,
610,
610,
610,
610,
610,
610,
610,
610,
610,
610,
610,
610,
610,
610,
610,
610,
610,
610,
610,
610,
610,
610,
610,
610,
610,
610,
610,
610,
610,
610,
610,
610,
610,
610,
610,
610,
610,
610,
610,
610,
610,
610,
610,
610,
610,
610,
610,
610,
610,
610,
610,
610,
610,
610,
610,
610,
610,
610,
610,
610,
610,
610,
610,
610,
610,
610,
610,
610,
610,
610,
610,
610,
610,
610,
610,
610,
610,
610,
610,
610,
610,
610,
610,
610,
610,
610,
610,
610,
610,
610,
610,
610,
610,
610,
610,
610,
610,
610,
610,
610,
610,
610,
610,
610,
610,
610,
610,
610,
610,
610,
610,
610,
610,
610,
610,
610,
610,
610,
610,
610,
610,
610,
610,
610,
610,
610,
610,
610,
610,
610,
610,
610,
610,
610,
610,
610,
610,
610,
610,
610,
610,
610,
609.9999819,
609.9998555,
609.9995138,
609.9988509,
609.9977623,
609.996145,
609.993897,
609.990918,
609.9871088,
609.9823717,
609.9766103,
609.9697299,
609.9616369,
609.9522392,
609.9414462,
609.9291688,
609.9153193,
609.8998114,
609.8825605,
609.8634832,
609.8424979,
609.8195242,
609.7944836,
609.7672988,
609.737894,
609.7061953,
609.67213,
609.6356271,
609.596617,
609.555032,
609.5108055,
609.4638728,
609.4141707,
609.3616375,
609.3062131,
609.2478389,
609.186458,
609.1220151,
609.0544564,
608.9837295,
608.909784,
608.8325706,
608.7520419,
608.668152,
608.5808565,
608.4901126,
608.395879,
608.2981161,
608.1967857,
608.0918513,
607.9832778,
607.8710318,
607.7550813,
607.6353958,
607.5119465,
607.384706,
607.2536483,
607.1187491,
606.9799854,
606.837336,
606.6907808,
606.5403014,
606.3858807,
606.2275032,
606.0651547,
605.8988227,
605.7284956,
605.5541637,
605.3758185,
605.1934528,
605.0070609,
604.8166383,
604.6221821,
604.4236905,
604.2211631,
604.0146007,
603.8040056,
603.5893811,
603.370732,
603.1480643,
602.921385,
602.6907026,
602.4560266,
602.2173679,
601.9747382,
601.7281508,
601.4776197,
601.2231603,
600.964789,
600.7025233,
600.4363817,
600.1663837,
599.89255,
599.6149022,
599.3334629,
599.0482556,
598.7593048,
598.466636,
598.1702756,
597.8702507,
597.5665895,
597.2593209,
596.9484748,
596.6340817,
596.316173,
595.9947808,
595.6699382,
595.3416787,
595.0100367,
594.6750472,
594.3367459,
593.9951692,
593.650354,
593.302338,
592.9511593,
592.5968566,
592.2394692,
591.8790369,
591.5155999,
591.1491991,
590.7798755,
590.407671,
590.0326275,
589.6547875,
589.2741938,
588.8908896,
588.5049183,
588.1163238,
587.7251502,
587.3314418,
586.9352432,
586.5365992,
586.1355548,
585.7321552,
585.3264457,
584.9184718,
584.5082792,
584.0959134,
583.6814203,
583.2648457,
582.8462353,
582.4256352,
582.003091,
581.5786487,
581.152354,
580.7242525,
580.2943901,
579.862812,
579.4295637,
578.9946905,
578.5582374,
578.1202493,
577.6807709,
577.2398466,
576.7975206,
576.3538369,
575.9088392,
575.4625708,
575.0150749,
574.5663942,
574.116571,
573.6656475,
573.2136652,
572.7606654,
572.306689,
571.8517763,
571.3959673,
570.9393016,
570.4818181,
570.0235554,
569.5645516,
569.104844,
568.6444697,
568.1834652,
567.7218662,
567.2597081,
566.7970255,
566.3338526,
565.8702228,
565.4061689,
564.9417232,
564.4769172,
564.0117819,
563.5463474,
563.0806432,
562.6146983,
562.1485407,
561.6821979,
561.2156965,
560.7490625,
560.2823212,
559.815497,
559.3486136,
558.8816939,
558.4147602,
557.9478337,
557.4809351,
557.0140842,
556.5473,
556.0806006,
555.6140035,
555.1475251,
554.6811813,
554.2149869,
553.748956,
553.2831017,
552.8174366,
552.3519722,
551.8867192,
551.4216873,
550.9568858,
550.4923226,
550.0280051,
549.5639397,
549.1001321,
548.636587,
548.1733082,
547.7102988,
547.247561,
546.7850961,
546.3229045,
545.8609859,
545.399339,
544.9379618,
544.4768514,
544.016004,
543.5554149,
543.0950789,
542.6349896,
542.1751399,
541.715522,
541.2561271,
540.7969458,
540.3379676,
539.8791816,
539.4205757,
538.9621373,
538.503853,
538.0457084,
537.5876886,
537.1297778,
536.6719596,
536.2142167,
535.7565311,
535.2988842,
534.8412566,
534.3836282,
533.9259781,
533.4682851,
533.0105268,
532.5526807,
532.0947231,
531.6366301,
531.178377,
530.7199385,
530.2612887,
529.8024012,
529.3432487,
528.8838039,
528.4240384,
527.9639237,
527.5034304,
527.0425289,
526.5811889,
526.1193799,
525.6570705,
525.1942293,
524.7308241,
524.2668226,
523.8021919,
523.3368987,
522.8709095,
522.4041902,
521.9367066,
521.4684241,
520.9993076,
520.529322,
520.0584318,
519.5866012,
519.1137943,
518.6399748,
518.1651063,
517.6891522,
517.2120757,
516.7338399,
516.2544078,
515.7737422,
515.2918057,
514.8085611,
514.3239709,
513.8379977,
513.350604,
512.8617523,
512.3714051,
511.879525,
511.3860746,
510.8910165,
510.3943136,
509.8959286,
509.3958246,
508.8939646,
508.390312,
507.8848303,
507.3774831,
506.8682342,
506.3570479,
505.8438885,
505.3287207,
504.8115093,
504.2922197,
503.7708174,
503.2472683,
502.7215389,
502.1935957,
501.6634058,
501.1309369,
500.5961567,
500.0590338,
499.5195369,
498.9776356,
498.4332997,
497.8864997,
497.3372064,
496.7853915,
496.2310271,
495.674086,
495.1145414,
494.5523673,
493.9875384,
493.42003,
492.8498182,
492.2768794,
491.7011913,
491.1227319,
490.5414802,
489.9574157,
489.370519,
488.7807714,
488.1881547,
487.592652,
486.994247,
486.3929242,
485.7886692,
485.1814682,
484.5713085,
483.9581783,
483.3420666,
482.7229636,
482.1008601,
481.4757481,
480.8476205,
480.2164713,
479.5822954,
478.9450887,
478.3048481,
477.6615717,
477.0152586,
476.3659088,
475.7135234,
475.0581049,
474.3996564,
473.7381825,
473.0736887,
472.4061816,
471.7356691,
471.0621601,
470.3856647,
469.706194,
469.0237605,
468.3383777,
467.6500602,
466.9588241,
466.2646863,
465.5676651,
464.8677799,
464.1650514,
463.4595015,
462.7511532,
462.0400308,
461.3261597,
460.6095666,
459.8902796,
459.1683277,
458.4437412,
457.7165519,
456.9867925,
456.2544971,
455.519701,
454.7824407,
454.0427539,
453.3006797,
452.5562583,
451.8095311,
451.0605407,
450.3093312,
449.5559476,
448.8004363,
448.0428448,
447.283222,
446.5216178,
445.751144,
444.9649141,
444.1629841,
443.3454126,
442.5122607,
441.6635924,
440.7994743,
439.9199756,
439.0251683,
438.115127,
437.1899287,
436.2496535,
435.2943837,
434.3242044,
433.3392033,
432.3394707,
431.3250993,
430.2961845,
429.2528244,
428.1951193,
427.1231722,
426.0370887,
424.9369766,
423.8229465,
422.6951112,
421.5535861,
420.3984888,
419.2299397,
418.0480612,
416.8529782,
415.6448179,
414.4237099,
413.1897861,
411.9431806,
410.6840298,
409.4124723,
408.128649,
406.8327029,
405.5247792,
404.2050253,
402.8735906,
401.5306267,
400.1762871,
398.8107276,
397.4341058,
396.0465813,
394.6483159,
393.239473,
391.820218,
390.3907184,
388.9511432,
387.5016635,
386.042452,
384.5736833,
383.0955336,
381.6081809,
380.1118048,
378.6065865,
377.0927089,
375.5703565,
374.0397151,
372.5009722,
370.9543168,
369.3999392,
367.8380312,
366.2687858,
364.6923976,
363.1090624,
361.5189771,
359.92234,
358.3193506,
356.7102094,
355.0951182,
353.4742797,
351.8478979,
350.2161776,
348.5793246,
346.9375457,
345.2910486,
343.6400417,
341.9847346,
340.3253372,
338.6620605,
336.9951161,
335.3247162,
333.6510737,
331.9744022,
330.2949157,
328.6128286,
326.9283562,
325.2417137,
323.5531171,
321.8627827,
320.1709269,
318.4777665,
316.7835187,
315.0884007,
313.3926299,
311.6964238,
310,
308.3035511,
306.6071692,
304.9109213,
303.2148742,
301.519095,
299.8236507,
298.1286081,
296.4340341,
294.7399957,
293.0465597,
291.3537931,
289.6617625,
287.9705349,
286.2801769,
284.5907554,
282.902337,
281.2149883,
279.5287761,
277.8437668,
276.1600269,
274.477623,
272.7966215,
271.1170887,
269.4390909,
267.7626944,
266.0879654,
264.4149699,
262.7437741,
261.0744438,
259.4070451,
257.7416436,
256.0783053,
254.4170956,
252.7580803,
251.1013248,
249.4468945,
247.7948548,
246.1452708,
244.4982077,
242.8537305,
241.2119041,
239.5727933,
237.9364629,
236.3029774,
234.6724014,
233.0447991,
231.420235,
229.798773,
228.1804772,
226.5654115,
224.9536397,
223.3452254,
221.740232,
220.138723,
218.5407615,
216.9464107,
215.3557335,
213.7687927,
212.185651,
210.6063708,
209.0310145,
207.4596442,
205.8923221,
204.32911,
202.7700695,
201.2152624,
199.6647498,
198.1185931,
196.5768533,
195.0395913,
193.5068677,
191.978743,
190.4552776,
188.9365317,
187.4225651,
185.9134376,
184.4092089,
182.9099383,
181.415685,
179.926508,
178.4424661,
176.9636178,
175.4900216,
174.0217356,
172.5588177,
171.1013259,
169.6493175,
168.2028499,
166.7619802,
165.3267654,
163.8972619,
162.4735264,
161.0556149,
159.6435835,
158.237488,
156.8373837,
155.4433261,
154.0553701,
152.6735705,
151.2979819,
149.9286586,
148.5656546,
147.2090237,
145.8588196,
144.5150955,
143.1779045,
141.8472993,
140.5233325,
139.2060563,
137.8955228,
136.5917836,
135.2948904,
134.0048942,
132.7218459,
131.4457964,
130.1767958,
128.9148943,
127.6601418,
126.4125877,
125.1722814,
123.9392717,
122.7136074,
121.4953369,
120.2845082,
119.0811691,
117.8853672,
116.6971496,
115.5165633,
114.3436548,
113.1784706,
112.0210565,
110.8714583,
109.7297214,
108.5958907,
107.4700112,
106.3521272,
105.2422829,
104.140522,
103.0468882,
101.9614245,
100.8841737,
99.81517858,
98.75448114,
97.70212332,
96.65814666,
95.62259237,
94.59550132,
93.57691408,
92.56687086,
91.56541152,
90.5725756,
89.58840231,
88.61293048,
87.64619864,
86.68824495,
85.73910722,
84.79882292,
83.86742919,
82.94496278,
82.03146011,
81.12695726,
80.23148992,
79.34509344,
78.46780283,
77.59965271,
76.74067736,
75.89091069,
75.05038624,
74.2191372,
73.39719639,
72.58459625,
71.78136886,
70.98754594,
70.20315882,
69.42823847,
68.66281548,
67.90692007,
67.16058208,
66.42383097,
65.69669583,
64.97920537,
64.27138792,
63.5732714,
62.88488339,
62.20625107,
61.53740121,
60.87836024,
60.22915415,
59.5898086,
58.96034881,
58.34079964,
57.73118554,
57.13153058,
56.54185843,
55.96219238,
55.39255531,
54.8329697,
54.28345765,
53.74404085,
53.2147406,
52.69557779,
52.18657292,
51.68774608,
51.19911697,
50.72070487,
50.25252867,
49.79460686,
49.34695752,
48.9095983,
48.4825465,
48.06581895,
47.65943211,
47.26340203,
46.87774435,
46.50247428,
46.13760664,
45.78315583,
45.43913586,
45.10556029,
44.7824423,
44.46979465,
44.16762968,
43.87595931,
43.59479506,
43.32414804,
43.06402892,
42.81444798,
42.57541506,
42.34693961,
42.12903065,
41.92169677,
41.72494616,
41.53878659,
41.36322542,
41.19826956,
41.04392553,
40.90019943,
40.76709693,
40.64462328,
40.53278332,
40.43158147,
40.34102172,
40.26110764,
40.19184239,
40.1332287,
40.08526889,
40.04796486,
40.02131806,
40.00532957,
40,
40.00532957,
40.02131806,
40.04796486,
40.08526889,
40.1332287,
40.19184239,
40.26110764,
40.34102172,
40.43158147,
40.53278332,
40.64462328,
40.76709693,
40.90019943,
41.04392553,
41.19826956,
41.36322542,
41.53878659,
41.72494616,
41.92169677,
42.12903065,
42.34693961,
42.57541506,
42.81444798,
43.06402892,
43.32414804,
43.59479506,
43.87595931,
44.16762968,
44.46979465,
44.7824423,
45.10556029,
45.43913586,
45.78315583,
46.13760664,
46.50247428,
46.87774435,
47.26340203,
47.65943211,
48.06581895,
48.4825465,
48.9095983,
49.34695752,
49.79460686,
50.25252867,
50.72070487,
51.19911697,
51.68774608,
52.18657292,
52.69557779,
53.2147406,
53.74404085,
54.28345765,
54.8329697,
55.39255531,
55.96219238,
56.54185843,
57.13153058,
57.73118554,
58.34079964,
58.96034881,
59.5898086,
60.22915415,
60.87836024,
61.53740121,
62.20625107,
62.88488339,
63.5732714,
64.27138792,
64.97920537,
65.69669583,
66.42383097,
67.16058208,
67.90692007,
68.66281548,
69.42823847,
70.20315882,
70.98754594,
71.78136886,
72.58459625,
73.39719639,
74.2191372,
75.05038624,
75.89091069,
76.74067736,
77.59965271,
78.46780283,
79.34509344,
80.23148992,
81.12695726,
82.03146011,
82.94496278,
83.86742919,
84.79882292,
85.73910722,
86.68824495,
87.64619864,
88.61293048,
89.58840231,
90.5725756,
91.56541152,
92.56687086,
93.57691408,
94.59550132,
95.62259237,
96.65814666,
97.70212332,
98.75448114,
99.81517858,
100.8841737,
101.9614245,
103.0468882,
104.140522,
105.2422829,
106.3521272,
107.4700112,
108.5958907,
109.7297214,
110.8714583,
112.0210565,
113.1784706,
114.3436548,
115.5165633,
116.6971496,
117.8853672,
119.0811691,
120.2845082,
121.4953369,
122.7136074,
123.9392717,
125.1722814,
126.4125877,
127.6601418,
128.9148943,
130.1767958,
131.4457964,
132.7218459,
134.0048942,
135.2948904,
136.5917836,
137.8955228,
139.2060563,
140.5233325,
141.8472993,
143.1779045,
144.5150955,
145.8588196,
147.2090237,
148.5656546,
149.9286586,
151.2979819,
152.6735705,
154.0553701,
155.4433261,
156.8373837,
158.237488,
159.6435835,
161.0556149,
162.4735264,
163.8972619,
165.3267654,
166.7619802,
168.2028499,
169.6493175,
171.1013259,
172.5588177,
174.0217356,
175.4900216,
176.9636178,
178.4424661,
179.926508,
181.415685,
182.9099383,
184.4092089,
185.9134376,
187.4225651,
188.9365317,
190.4552776,
191.978743,
193.5068677,
195.0395913,
196.5768533,
198.1185931,
199.6647498,
201.2152624,
202.7700695,
204.32911,
205.8923221,
207.4596442,
209.0310145,
210.6063708,
212.185651,
213.7687927,
215.3557335,
216.9464107,
218.5407615,
220.138723,
221.740232,
223.3452254,
224.9536397,
226.5654115,
228.1804772,
229.798773,
231.420235,
233.0447991,
234.6724014,
236.3029774,
237.9364629,
239.5727933,
241.2119041,
242.8537305,
244.4982077,
246.1452708,
247.7948548,
249.4468945,
251.1013248,
252.7580803,
254.4170956,
256.0783053,
257.7416436,
259.4070451,
261.0744438,
262.7437741,
264.4149699,
266.0879654,
267.7626944,
269.4390909,
271.1170887,
272.7966215,
274.477623,
276.1600269,
277.8437668,
279.5287761,
281.2149883,
282.902337,
284.5907554,
286.2801769,
287.9705349,
289.6617625,
291.3537931,
293.0465597,
294.7399957,
296.4340341,
298.1286081,
299.8236507,
301.519095,
303.2148742,
304.9109213,
306.6071692,
308.3035511,
310,
311.6964489,
313.3928308,
315.0890787,
316.7851258,
318.480905,
320.1763493,
321.8713919,
323.5659659,
325.2600043,
326.9534403,
328.6462069,
330.3382375,
332.0294651,
333.7198231,
335.4092446,
337.097663,
338.7850117,
340.4712239,
342.1562332,
343.8399731,
345.522377,
347.2033785,
348.8829113,
350.5609091,
352.2373056,
353.9120346,
355.5850301,
357.2562259,
358.9255562,
360.5929549,
362.2583564,
363.9216947,
365.5829044,
367.2419197,
368.8986752,
370.5531055,
372.2051452,
373.8547292,
375.5017923,
377.1462695,
378.7880959,
380.4272067,
382.0635371,
383.6970226,
385.3275986,
386.9552009,
388.579765,
390.201227,
391.8195228,
393.4345885,
395.0463603,
396.6547746,
398.259768,
399.861277,
401.4592385,
403.0535893,
404.6442665,
406.2312073,
407.814349,
409.3936292,
410.9689855,
412.5403558,
414.1076779,
415.67089,
417.2299305,
418.7847376,
420.3352502,
421.8814069,
423.4231467,
424.9604087,
426.4931323,
428.021257,
429.5447224,
431.0634683,
432.5774349,
434.0865624,
435.5907911,
437.0900617,
438.584315,
440.073492,
441.5575339,
443.0363822,
444.5099784,
445.9782644,
447.4411823,
448.8986741,
450.3506825,
451.7971501,
453.2380198,
454.6732346,
456.1027381,
457.5264736,
458.9443851,
460.3564165,
461.762512,
463.1626163,
464.5566739,
465.9446299,
467.3264295,
468.7020181,
470.0713414,
471.4343454,
472.7909763,
474.1411804,
475.4849045,
476.8220955,
478.1527007,
479.4766675,
480.7939437,
482.1044772,
483.4082164,
484.7051096,
485.9951058,
487.2781541,
488.5542036,
489.8232042,
491.0851057,
492.3398582,
493.5874123,
494.8277186,
496.0607283,
497.2863926,
498.5046631,
499.7154918,
500.9188309,
502.1146328,
503.3028504,
504.4834367,
505.6563452,
506.8215294,
507.9789435,
509.1285417,
510.2702786,
511.4041093,
512.5299888,
513.6478728,
514.7577171,
515.859478,
516.9531118,
518.0385755,
519.1158263,
520.1848214,
521.2455189,
522.2978767,
523.3418533,
524.3774076,
525.4044987,
526.4230859,
527.4331291,
528.4345885,
529.4274244,
530.4115977,
531.3870695,
532.3538014,
533.3117551,
534.2608928,
535.2011771,
536.1325708,
537.0550372,
537.9685399,
538.8730427,
539.7685101,
540.6549066,
541.5321972,
542.4003473,
543.2593226,
544.1090893,
544.9496138,
545.7808628,
546.6028036,
547.4154038,
548.2186311,
549.0124541,
549.7968412,
550.5717615,
551.3371845,
552.0930799,
552.8394179,
553.576169,
554.3033042,
555.0207946,
555.7286121,
556.4267286,
557.1151166,
557.7937489,
558.4625988,
559.1216398,
559.7708458,
560.4101914,
561.0396512,
561.6592004,
562.2688145,
562.8684694,
563.4581416,
564.0378076,
564.6074447,
565.1670303,
565.7165423,
566.2559591,
566.7852594,
567.3044222,
567.8134271,
568.3122539,
568.800883,
569.2792951,
569.7474713,
570.2053931,
570.6530425,
571.0904017,
571.5174535,
571.9341811,
572.3405679,
572.736598,
573.1222557,
573.4975257,
573.8623934,
574.2168442,
574.5608641,
574.8944397,
575.2175577,
575.5302053,
575.8323703,
576.1240407,
576.4052049,
576.675852,
576.9359711,
577.185552,
577.4245849,
577.6530604,
577.8709694,
578.0783032,
578.2750538,
578.4612134,
578.6367746,
578.8017304,
578.9560745,
579.0998006,
579.2329031,
579.3553767,
579.4672167,
579.5684185,
579.6589783,
579.7388924,
579.8081576,
579.8667713,
579.9147311,
579.9520351,
579.9786819,
579.9946704,
580,
579.9946704,
579.9786819,
579.9520351,
579.9147311,
579.8667713,
579.8081576,
579.7388924,
579.6589783,
579.5684185,
579.4672167,
579.3553767,
579.2329031,
579.0998006,
578.9560745,
578.8017304,
578.6367746,
578.4612134,
578.2750538,
578.0783032,
577.8709694,
577.6530604,
577.4245849,
577.185552,
576.9359711,
576.675852,
576.4052049,
576.1240407,
575.8323703,
575.5302053,
575.2175577,
574.8944397,
574.5608641,
574.2168442,
573.8623934,
573.4975257,
573.1222557,
572.736598,
572.3405679,
571.9341811,
571.5174535,
571.0904017,
570.6530425,
570.2053931,
569.7474713,
569.2792951,
568.800883,
568.3122539,
567.8134271,
567.3044222,
566.7852594,
566.2559591,
565.7165423,
565.1670303,
564.6074447,
564.0378076,
563.4581416,
562.8684694,
562.2688145,
561.6592004,
561.0396512,
560.4101914,
559.7708458,
559.1216398,
558.4625988,
557.7937489,
557.1151166,
556.4267286,
555.7286121,
555.0207946,
554.3033042,
553.576169,
552.8394179,
552.0930799,
551.3371845,
550.5717615,
549.7968412,
549.0124541,
548.2186311,
547.4154038,
546.6028036,
545.7808628,
544.9496138,
544.1090893,
543.2593226,
542.4003473,
541.5321972,
540.6549066,
539.7685101,
538.8730427,
537.9685399,
537.0550372,
536.1325708,
535.2011771,
534.2608928,
533.3117551,
532.3538014,
531.3870695,
530.4115977,
529.4274244,
528.4345885,
527.4331291,
526.4230859,
525.4044987,
524.3774076,
523.3418533,
522.2978767,
521.2455189,
520.1848214,
519.1158263,
518.0385755,
516.9531118,
515.859478,
514.7577171,
513.6478728,
512.5299888,
511.4041093,
510.2702786,
509.1285417,
507.9789435,
506.8215294,
505.6563452,
504.4834367,
503.3028504,
502.1146328,
500.9188309,
499.7154918,
498.5046631,
497.2863926,
496.0607283,
494.8277186,
493.5874123,
492.3398582,
491.0851057,
489.8232042,
488.5542036,
487.2781541,
485.9951058,
484.7051096,
483.4082164,
482.1044772,
480.7939437,
479.4766675,
478.1527007,
476.8220955,
475.4849045,
474.1411804,
472.7909763,
471.4343454,
470.0713414,
468.7020181,
467.3264295,
465.9446299,
464.5566739,
463.1626163,
461.762512,
460.3564165,
458.9443851,
457.5264736,
456.1027381,
454.6732346,
453.2380198,
451.7971501,
450.3506825,
448.8986741,
447.4411823,
445.9782644,
444.5099784,
443.0363822,
441.5575339,
440.073492,
438.584315,
437.0900617,
435.5907911,
434.0865624,
432.5774349,
431.0634683,
429.5447224,
428.021257,
426.4931323,
424.9604087,
423.4231467,
421.8814069,
420.3352502,
418.7847376,
417.2299305,
415.67089,
414.1076779,
412.5403558,
410.9689855,
409.3936292,
407.814349,
406.2312073,
404.6442665,
403.0535893,
401.4592385,
399.861277,
398.259768,
396.6547746,
395.0463603,
393.4345885,
391.8195228,
390.201227,
388.579765,
386.9552009,
385.3275986,
383.6970226,
382.0635371,
380.4272067,
378.7880959,
377.1462695,
375.5017923,
373.8547292,
372.2051452,
370.5531055,
368.8986752,
367.2419197,
365.5829044,
363.9216947,
362.2583564,
360.5929549,
358.9255562,
357.2562259,
355.5850301,
353.9120346,
352.2373056,
350.5609091,
348.8829113,
347.2033785,
345.522377,
343.8399731,
342.1562332,
340.4712239,
338.7850117,
337.097663,
335.4092446,
333.7198231,
332.0294651,
330.3382375,
328.6462069,
326.9534403,
325.2600043,
323.5659659,
321.8713919,
320.1763493,
318.480905,
316.7851258,
315.0890787,
313.3928308,
311.6964489,
310,
308.3035511,
306.6071692,
304.9109213,
303.2148742,
301.519095,
299.8236507,
298.1286081,
296.4340341,
294.7399957,
293.0465597,
291.3537931,
289.6617625,
287.9705349,
286.2801769,
284.5907554,
282.902337,
281.2149883,
279.5287761,
277.8437668,
276.1600269,
274.477623,
272.7966215,
271.1170887,
269.4390909,
267.7626944,
266.0879654,
264.4149699,
262.7437741,
261.0744438,
259.4070451,
257.7416436,
256.0783053,
254.4170956,
252.7580803,
251.1013248,
249.4468945,
247.7948548,
246.1452708,
244.4982077,
242.8537305,
241.2119041,
239.5727933,
237.9364629,
236.3029774,
234.6724014,
233.0447991,
231.420235,
229.798773,
228.1804772,
226.5654115,
224.9536397,
223.3452254,
221.740232,
220.138723,
218.5407615,
216.9464107,
215.3557335,
213.7687927,
212.185651,
210.6063708,
209.0310145,
207.4596442,
205.8923221,
204.32911,
202.7700695,
201.2152624,
199.6647498,
198.1185931,
196.5768533,
195.0395913,
193.5068677,
191.978743,
190.4552776,
188.9365317,
187.4225651,
185.9134376,
184.4092089,
182.9099383,
181.415685,
179.926508,
178.4424661,
176.9636178,
175.4900216,
174.0217356,
172.5588177,
171.1013259,
169.6493175,
168.2028499,
166.7619802,
165.3267654,
163.8972619,
162.4735264,
161.0556149,
159.6435835,
158.237488,
156.8373837,
155.4433261,
154.0553701,
152.6735705,
151.3003314,
149.9381374,
148.5871629,
147.2475806,
145.9195612,
144.6032738,
143.2988857,
142.0065622,
140.7264668,
139.4587611,
138.2036045,
136.9611549,
135.7315678,
134.5149968,
133.3115935,
132.1215073,
130.9448856,
129.7818734,
128.632614,
127.4972481,
126.3759143,
125.268749,
124.1758863,
123.0974581,
122.0335938,
120.9844207,
119.9500636,
118.9306448,
117.9262845,
116.9371003,
115.9632073,
115.0047182,
114.0617433,
113.1343904,
112.2227646,
111.3269686,
110.4471026,
109.5832642,
108.7355482,
107.9040472,
107.0888508,
106.2900462,
105.5077178,
104.7419476,
103.9928146,
103.2603954,
102.5447637,
101.8459906,
101.1641445,
100.499291,
99.85149294,
99.22081058,
98.60730128,
98.01101967,
97.43201763,
96.87034424,
96.32604582,
95.79916589,
95.28974519,
94.79782166,
94.32343042,
93.8666038,
93.42737134,
93.00575975,
92.60179293,
92.21549197,
91.84687516,
91.49595797,
91.16275305,
90.84727025,
90.54951661,
90.26949637,
90.00721095,
89.76265899,
89.53583633,
89.32673601,
89.1353483,
88.96166068,
88.80565785,
88.66732177,
88.54663161,
88.4435638,
88.35809206,
88.29018732,
88.23981783,
88.20694911,
88.19154398,
88.19356258,
88.21296235,
88.24969808,
88.30372191,
88.37498331,
88.46342917,
88.56900372,
88.69164863,
88.83130298,
88.98790327,
89.16138346,
89.35167498,
89.55870676,
89.78934471,
90.05045152,
90.34194645,
90.66374477,
91.01575788,
91.39789327,
91.81005454,
92.25214147,
92.72404998,
93.22567221,
93.7568965,
94.31760746,
94.90768594,
95.52700912,
96.17545048,
96.85287985,
97.55916346,
98.29416394,
99.05774034,
99.8497482,
100.6700395,
101.5184629,
102.3948635,
103.299083,
104.2309596,
105.1903285,
106.1770213,
107.1908664,
108.231689,
109.299311,
110.3935514,
111.5142257,
112.6611466,
113.8341235,
115.032963,
116.2574687,
117.507441,
118.7826777,
120.0829737,
121.4081208,
122.7579084,
124.1321229,
125.530548,
126.952965,
128.3991523,
129.8688859,
131.361939,
132.8780828,
134.4170855,
135.9787134,
137.5627301,
139.1688969,
140.7969731,
142.4467156,
144.1178791,
145.8102162,
147.5234774,
149.2574112,
151.0117642,
152.7862808,
154.5807038,
156.3947738,
158.2282301,
160.0808096,
161.9522482,
163.8422795,
165.7506359,
167.677048,
169.6212452,
171.582955,
173.5619039,
175.5578168,
177.5704172,
179.5994277,
181.6445692,
183.7055618,
185.7821243,
187.8739745,
189.9808292,
192.1024041,
194.2384142,
196.3885733,
198.5525947,
200.7301908,
202.9210732,
205.124953,
207.3415404,
209.5705454,
211.8116771,
214.0646445,
216.3291557,
218.604919,
220.8916418,
223.1890317,
225.4967958,
227.814641,
230.1422743,
232.4794024,
234.8257319,
237.1809698,
239.5448228,
241.9169979,
244.2972021,
246.6851427,
249.0805273,
251.4830637,
253.8924602,
256.3084254,
258.7306683,
261.1588984,
263.5928258,
266.0321612,
268.4766159,
270.9259018,
273.3797316,
275.8378187,
278.2998775,
280.7656229,
283.2347711,
285.7070389,
288.1821443,
290.6598062,
293.1397447,
295.6216809,
298.105337,
300.5904366,
303.0767044,
305.5638663,
308.0516498,
310.5397834,
313.0279973,
315.5160229,
318.0035932,
320.4904428,
322.9763077,
325.4609255,
327.9440355,
330.4253786,
332.9046974,
335.3817363,
337.8562415,
340.3279609,
342.7966443,
345.2620432,
347.7239113,
350.1820041,
352.636079,
355.0858955,
357.5312152,
359.9718015,
362.4074202,
364.837839,
367.2628279,
369.682159,
372.0956067,
374.5029476,
376.9039604,
379.2984264,
381.686129,
384.0668539,
386.4403895,
388.8065262,
391.165057,
393.5157774,
395.8584852,
398.1929809,
400.5190672,
402.8365496,
405.1452361,
407.4449371,
409.7354659,
412.016638,
414.2882718,
416.5501884,
418.8022113,
421.0441668,
423.275884,
425.4971945,
427.7079328,
429.9079361,
432.0970441,
434.2750996,
436.441948,
438.5974375,
440.7414191,
442.8737466,
444.9942767,
447.1028687,
449.1993849,
451.2836905,
453.3556534,
455.4151444,
457.4620371,
459.4962081,
461.5175368,
463.5259054,
465.5211992,
467.503306,
469.4721169,
471.4275255,
473.3694287,
475.2977259,
477.2123196,
479.1131152,
481.0000208,
482.8729476,
484.7318095,
486.5765235,
488.4070093,
490.2231894,
492.0249895,
493.8123378,
495.5851655,
497.3434068,
499.0869984,
500.8158803,
502.5299949,
504.2292877,
505.9137069,
507.5832035,
509.2377313,
510.8772471,
512.50171,
514.1110824,
515.7053291,
517.2844177,
518.8483187,
520.3970051,
521.9304528,
523.4486402,
524.9515485,
526.4391615,
527.9114656,
529.3684501,
530.8101065,
532.2364292,
533.6474151,
535.0430635,
536.4233766,
537.7883587,
539.138017,
540.4723608,
541.7914023,
543.0951557,
544.3836379,
545.6568683,
546.9148684,
548.1576621,
549.385276,
550.5977385,
551.7950807,
552.9773358,
554.1445393,
555.2967289,
556.4339445,
557.5562282,
558.6636242,
559.756179,
560.833941,
561.8969608,
562.9452909,
563.9789861,
564.9981031,
566.0027004,
566.9928386,
567.9685802,
568.9299897,
569.8771333,
570.8100791,
571.728897,
572.6336588,
573.524438,
574.4013097,
575.2643509,
576.1136401,
576.9492576,
577.7712852,
578.5798063,
579.374906,
580.1566707,
580.9251884,
581.6805487,
582.4228425,
583.152162,
583.8686011,
584.5722548,
585.2632194,
585.9415927,
586.6074736,
587.2609623,
587.9021601,
588.5311695,
589.1480944,
589.7530393,
590.3461104,
590.9274143,
591.4970591,
592.0551538,
592.6018081,
593.137133,
593.6612401,
594.174242,
594.6762521,
595.1673846,
595.6477547,
596.1174779,
596.5766708,
597.0254505,
597.4639348,
597.8922423,
598.3104918,
598.7188031,
599.1172963,
599.5060921,
599.8853115,
600.2550762,
600.6155083,
600.96673,
601.3088643,
601.6420343,
601.9663633,
602.281975,
602.5889936,
602.8875431,
603.1777479,
603.4597327,
603.7336221,
603.999541,
604.2576143,
604.5079669,
604.750724,
604.9860105,
605.2139515,
605.4346719,
605.6482968,
605.8549509,
606.0547589,
606.2478455,
606.4343351,
606.6143519,
606.7880199,
606.9554629,
607.1168045,
607.2721679,
607.4216761,
607.5654518,
607.7036171,
607.836294,
607.9636041,
608.0856685,
608.2026078,
608.3145423,
608.4215917,
608.5238754,
608.6215121,
608.7146199,
608.8033167,
608.8877194,
608.9679447,
609.0441085,
609.116326,
609.1847119,
609.2493802,
609.3104443,
609.3680169,
609.4222098,
609.4731342,
609.5209008,
609.5656192,
609.6073983,
609.6463465,
609.6825711,
609.7161788,
609.7472753,
609.7759656,
609.8023538,
609.8265432,
609.8486362,
609.8687343,
609.8869382,
609.9033477,
609.9180615,
609.9311777,
609.9427931,
609.953004,
609.9619054,
609.9695915,
609.9761555,
609.9816897,
609.9862854,
609.9900328,
609.9930214,
609.9953394,
609.9970742,
609.9983121,
609.9991385,
609.9996377,
609.999893,
609.9999867,
610,
610,
610,
610,
610,
610,
610,
610,
610,
610,
610,
610,
610,
610,
610,
610,
610,
610,
610,
610,
610,
610,
610,
610,
610,
610,
610,
610,
610,
610,
610,
610,
610,
610,
610,
610,
610,
610,
610,
610,
610,
610,
610,
610,
610,
610,
610,
610,
610,
610,
610,
610,
610,
610,
610,
610,
610,
610,
610,
610,
610,
610,
610,
610,
610,
610,
610,
610,
610,
610,
610,
610,
610,
610,
610,
610,
610,
610,
610,
610,
610,
610,
610,
610,
610,
610,
610,
610,
610,
610,
610,
610,
610,
610,
610,
610,
610,
610,
610,
610,
610,
610,
610,
610,
610,
610,
610,
610,
610,
610,
610,
610,
610,
610,
610,
610,
610,
610,
610,
610,
610,
610,
610,
610,
610,
610,
610,
610,
610,
610,
610,
610,
610,
610,
610,
610,
610,
610,
610,
610,
610,
610,
610,
610,
610,
610,
610,
610,
610,
610,
610,
610,
610,
610,
610,
610,
610,
610,
610,
610,
610;
