255,
255,
255,
255,
255,
255,
255,
255,
255,
255,
255,
255,
255,
255,
255,
255,
255,
255,
255,
255,
255,
255,
255,
255,
255,
255,
255,
255,
255,
255,
255,
255,
255,
255,
255,
255,
255,
255,
255,
255,
255,
255,
255,
255,
255,
255,
255,
255,
255,
255,
255,
255,
255,
255,
255,
255,
255,
255,
255,
255,
255,
255,
255,
255,
255,
255,
255,
255,
255,
255,
255,
255,
255,
255,
255,
255,
255,
255,
255,
255,
255,
255,
255,
255,
255,
255,
255,
255,
255,
255,
255,
255,
255,
255,
255,
255,
255,
255,
255,
255,
255,
255,
255,
255,
255,
255,
255,
255,
255,
255,
255,
255,
255,
255,
255,
255,
255,
255,
255,
255,
255,
255,
255,
255,
255,
255,
255,
255,
255,
255,
255,
255,
255,
255,
255,
255,
255,
255,
255,
255,
255,
255,
255,
255,
255,
255,
255,
255,
255,
255,
255,
255,
255,
255,
255,
255,
255,
255,
255,
255,
255,
254.9999924,
254.9999394,
254.9997956,
254.9995156,
254.9990539,
254.9983654,
254.9974045,
254.9961261,
254.994485,
254.9924359,
254.9899339,
254.9869337,
254.9833906,
254.9792596,
254.9744959,
254.9690549,
254.9628919,
254.9559626,
254.9482225,
254.9396274,
254.9301333,
254.9196961,
254.9082721,
254.8958177,
254.8822893,
254.8676435,
254.8518373,
254.8348277,
254.8165718,
254.797027,
254.776151,
254.7539016,
254.7302368,
254.7051148,
254.678494,
254.6503332,
254.6205913,
254.5892275,
254.5562012,
254.521472,
254.485,
254.4467453,
254.4066685,
254.3647302,
254.3208917,
254.2751141,
254.2273593,
254.1775891,
254.1257658,
254.0718521,
254.0158108,
253.9576052,
253.8971989,
253.8345557,
253.7696401,
253.7024165,
253.6328501,
253.5609061,
253.4865502,
253.4097486,
253.3304678,
253.2486745,
253.1643361,
253.0774201,
252.9878947,
252.8957283,
252.8008898,
252.7033484,
252.6030738,
252.5000362,
252.3942062,
252.2855547,
252.1740532,
252.0596736,
251.9423882,
251.8221697,
251.6989916,
251.5728273,
251.4436512,
251.3114379,
251.1761624,
251.0378005,
250.8963282,
250.7517221,
250.6039593,
250.4530172,
250.2988741,
250.1415084,
249.9808992,
249.8170262,
249.6498694,
249.4794094,
249.3056274,
249.1285051,
248.9480246,
248.7641687,
248.5769206,
248.3862641,
248.1921836,
247.9946638,
247.7936903,
247.589249,
247.3813265,
247.1699097,
246.9549863,
246.7365445,
246.514573,
246.2890612,
246.0599989,
245.8273765,
245.591185,
245.3514161,
245.1080618,
244.8611149,
244.6105687,
244.356417,
244.0986543,
243.8372756,
243.5722765,
243.3036532,
243.0314026,
242.7555218,
242.476009,
242.1928625,
241.9060817,
241.615666,
241.3216159,
241.0239322,
240.7226164,
240.4176705,
240.1090973,
239.7968999,
239.4810821,
239.1616485,
238.838604,
238.5119543,
238.1817055,
237.8478643,
237.5104383,
237.1694353,
236.824864,
236.4767333,
236.1250532,
235.7698339,
235.4110862,
235.0488218,
234.6830526,
234.3137913,
233.9410511,
233.564846,
233.1851901,
232.8020986,
232.415587,
232.0256714,
231.6323684,
231.2356954,
230.8356701,
230.4323111,
230.0256371,
229.6156678,
229.2024233,
228.7859241,
228.3661915,
227.9432472,
227.5171135,
227.0878133,
226.65537,
226.2198074,
225.78115,
225.3394229,
224.8946516,
224.4468621,
223.996081,
223.5423354,
223.085653,
222.626062,
222.1635908,
221.6982688,
221.2301256,
220.7591913,
220.2854966,
219.8090726,
219.329951,
218.8481639,
218.3637439,
217.8767241,
217.3871379,
216.8950194,
216.4004031,
215.9033238,
215.4038169,
214.9019183,
214.3976641,
213.8910911,
213.3822363,
212.8711373,
212.3578321,
211.8423589,
211.3247565,
210.8050642,
210.2833215,
209.7595683,
209.233845,
208.7061922,
208.176651,
207.645263,
207.1120698,
206.5771137,
206.0404371,
205.5020828,
204.9620942,
204.4205145,
203.8773877,
203.3327579,
202.7866695,
202.2391672,
201.690296,
201.1401013,
200.5886286,
200.0359238,
199.482033,
198.9270026,
198.3708791,
197.8137095,
197.2555408,
196.6964204,
196.1363957,
195.5755145,
195.0138249,
194.4513749,
193.8882128,
193.3243872,
192.7599468,
192.1949404,
191.6294171,
191.063426,
190.4970164,
189.9302378,
189.3631397,
188.7957718,
188.228184,
187.6604261,
187.0925481,
186.5246002,
185.9566325,
185.3886953,
184.8208388,
184.2531136,
183.6855699,
183.1182583,
182.5512293,
181.9845334,
181.4182211,
180.8523432,
180.2869501,
179.7220924,
179.1578207,
178.5941855,
178.0312375,
177.4690271,
176.9076048,
176.3470211,
175.7873262,
175.2285707,
174.6708047,
174.1140784,
173.558442,
173.0039455,
172.4506388,
171.8985719,
171.3477945,
170.7983562,
170.2503067,
169.7036952,
169.1585711,
168.6149836,
168.0729817,
167.5326142,
166.99393,
166.4569776,
165.9218053,
165.3884615,
164.8569943,
164.3274515,
163.7998809,
163.27433,
162.7508461,
162.2294764,
161.7102679,
161.1932672,
160.6785209,
160.1660753,
159.6559765,
159.1482703,
158.6430023,
158.140218,
157.6399625,
157.1422807,
156.6472171,
156.1548164,
155.6651224,
155.1781792,
154.6940303,
154.2127191,
153.7342885,
153.2587815,
152.7862404,
152.3167076,
151.8502248,
151.3868337,
150.9265756,
150.4694915,
150.0156222,
149.5650079,
149.1176889,
148.6737048,
148.233095,
147.7958987,
147.3621547,
146.9319013,
146.5051768,
146.0820188,
145.6624647,
145.2465517,
144.8343165,
144.4257954,
144.0210244,
143.6200392,
143.2228751,
142.8295669,
142.4401493,
142.0546564,
141.673122,
141.2955795,
140.922062,
140.552602,
140.1872319,
139.8259836,
139.4688884,
139.1159775,
138.7672816,
138.4228309,
138.0826553,
137.7467842,
137.4152467,
137.0880715,
136.7652867,
136.4469201,
136.1329992,
135.8235508,
135.5186016,
135.2181775,
134.9223043,
134.6310072,
134.344311,
134.06224,
133.7848182,
133.512069,
133.2440155,
132.9806802,
132.7220853,
132.4682525,
132.2192029,
131.9749574,
131.7355362,
131.5009592,
131.2712459,
131.046415,
130.8264852,
130.6114744,
130.4014001,
130.1962793,
129.9961288,
129.8009645,
129.6108021,
129.4256569,
129.2455434,
129.0704758,
128.900468,
128.7355331,
128.575684,
128.4209328,
128.2712914,
128.1267711,
127.9873826,
127.8531364,
127.7240422,
127.6001095,
127.481347,
127.3677631,
127.2593657,
127.1561622,
127.0581594,
126.9653638,
126.8777812,
126.7954169,
126.718276,
126.6463627,
126.5796811,
126.5182344,
126.4591341,
126.3994916,
126.3393095,
126.278591,
126.217339,
126.1555568,
126.0932477,
126.0304153,
125.9670629,
125.9031945,
125.8388138,
125.7739248,
125.7085315,
125.6426382,
125.5762492,
125.5093689,
125.4420019,
125.374153,
125.3058268,
125.2370283,
125.1677627,
125.098035,
125.0278506,
124.9572149,
124.8861334,
124.8146117,
124.7426558,
124.6702713,
124.5974645,
124.5242413,
124.4506081,
124.3765712,
124.3021371,
124.2273124,
124.1521039,
124.0765184,
124.0005628,
123.9242443,
123.8475701,
123.7705475,
123.6931839,
123.6154869,
123.5374642,
123.4591237,
123.3804731,
123.3015206,
123.2222744,
123.1427428,
123.0629341,
122.982857,
122.90252,
122.821932,
122.7411019,
122.6600387,
122.5787517,
122.4972501,
122.4155433,
122.3336409,
122.2515527,
122.1692883,
122.0868578,
122.0042713,
121.921539,
121.8386712,
121.7556784,
121.6725713,
121.5893607,
121.5060574,
121.4226725,
121.3392173,
121.2557029,
121.172141,
121.0885432,
121.0049212,
120.921287,
120.8376526,
120.7540303,
120.6704324,
120.5868714,
120.5033601,
120.4199113,
120.336538,
120.2532532,
120.1700703,
120.0870029,
120.0040643,
119.9212686,
119.8386295,
119.7561612,
119.673878,
119.5917942,
119.5099244,
119.4282833,
119.3468859,
119.2657473,
119.1848825,
119.1043071,
119.0240364,
118.9440864,
118.8644727,
118.7850453,
118.7056498,
118.6262955,
118.5469917,
118.4677484,
118.3885752,
118.3094824,
118.2304801,
118.1515789,
118.0727895,
117.9941228,
117.9155898,
117.8372018,
117.7589704,
117.6809073,
117.6030244,
117.5253339,
117.4478482,
117.3705797,
117.2935414,
117.2167462,
117.1402074,
117.0639384,
116.9879529,
116.9122647,
116.8368881,
116.7618373,
116.6871269,
116.6127717,
116.5387866,
116.4651869,
116.391988,
116.3192056,
116.2468555,
116.1749539,
116.1035169,
116.0325612,
115.9621035,
115.8921606,
115.8227499,
115.7538885,
115.685594,
115.6178843,
115.5507772,
115.484291,
115.418444,
115.3532546,
115.2887417,
115.2249242,
115.161821,
115.0994516,
115.0378353,
114.9769918,
114.9169408,
114.8577022,
114.7992962,
114.741743,
114.6850629,
114.6292765,
114.5744044,
114.5204675,
114.4674866,
114.4154827,
114.3644771,
114.314491,
114.2655456,
114.2176626,
114.1708633,
114.1251694,
114.0806026,
114.0371847,
113.9949375,
113.9538828,
113.9140425,
113.8754387,
113.8380933,
113.8020283,
113.7672658,
113.7338277,
113.7017363,
113.6710134,
113.6416811,
113.6137614,
113.5872763,
113.5622477,
113.5386976,
113.5166476,
113.4961197,
113.4771356,
113.4597167,
113.4438848,
113.4296612,
113.4170672,
113.4061242,
113.3968531,
113.3892751,
113.3834108,
113.3792811,
113.3769065,
113.3763073,
113.3775037,
113.3805159,
113.3853635,
113.3920664,
113.4006439,
113.4111153,
113.4234996,
113.4378155,
113.4540817,
113.4723165,
113.4925379,
113.5147637,
113.5390115,
113.5652985,
113.5936417,
113.6240578,
113.6565633,
113.6911741,
113.7279062,
113.766775,
113.8077955,
113.8509827,
113.8963511,
113.9439147,
113.9936873,
114.0456825,
114.0999132,
114.1563921,
114.2151317,
114.2761438,
114.3394399,
114.4050314,
114.4729289,
114.5431428,
114.6156831,
114.6905593,
114.7677807,
114.8473558,
114.9292931,
115.0136003,
115.1002849,
115.189354,
115.280814,
115.374671,
115.4709308,
115.5695985,
115.6706789,
115.7741763,
115.8800945,
115.988437,
116.0992065,
116.2124055,
116.328036,
116.4460995,
116.5665971,
116.6895291,
116.8148958,
116.9426966,
117.0729307,
117.2055967,
117.3406927,
117.4782164,
117.6181649,
117.7605348,
117.9053225,
118.0525235,
118.202133,
118.3541459,
118.5085563,
118.6653579,
118.8245441,
118.9861075,
119.1500406,
119.3163349,
119.484982,
119.6559726,
119.829297,
120.0049451,
120.1829063,
120.3631695,
120.5457231,
120.7305551,
120.917653,
121.1070037,
121.2985938,
121.4924093,
121.6884359,
121.8866587,
122.0870624,
122.2896312,
122.4943489,
122.7011987,
122.9101636,
123.1212259,
123.3343677,
123.5495705,
123.7668153,
123.9860829,
124.2073534,
124.4306067,
124.6558222,
124.8829788,
125.1120551,
125.3430292,
125.5758788,
125.8105813,
126.0471135,
126.2854521,
126.5255731,
126.7674523,
127.011065,
127.2563863,
127.5033907,
127.7520524,
128.0023453,
128.254243,
128.5077186,
128.7627447,
129.019294,
129.2773384,
129.5368498,
129.7977996,
130.0601587,
130.323898,
130.588988,
130.8553987,
131.1230999,
131.3920611,
131.6622516,
131.9336401,
132.2061954,
132.4798856,
132.7546789,
133.0305429,
133.3074451,
133.5853527,
133.8642326,
134.1440515,
134.4247758,
134.7063716,
134.9888048,
135.2720411,
135.5560459,
135.8407845,
136.1262216,
136.4123221,
136.6990505,
136.986371,
137.2742479,
137.5626448,
137.8515255,
138.1408536,
138.4305922,
138.7207044,
139.0111533,
139.3019015,
139.5929115,
139.8841458,
140.1755667,
140.4671361,
140.758816,
141.0505681,
141.3423541,
141.6341355,
141.9258735,
142.2175294,
142.5090643,
142.8004391,
143.0916146,
143.3825516,
143.6732107,
143.9635523,
144.253537,
144.5431249,
144.8322764,
145.1209514,
145.4091102,
145.6967126,
145.9837185,
146.2700878,
146.5557802,
146.8407554,
147.1249731,
147.4083928,
147.690974,
147.9726764,
148.2534592,
148.5332819,
148.812104,
149.0898848,
149.3665836,
149.6421597,
149.9165725,
150.1897813,
150.4617453,
150.7324238,
151.0017761,
151.2697616,
151.5363394,
151.8014691,
152.0651098,
152.327221,
152.5877621,
152.8466924,
153.1039715,
153.3595588,
153.6134139,
153.8654964,
154.1157658,
154.364182,
154.6107046,
154.8552934,
155.0979083,
155.3385093,
155.5770564,
155.8135097,
156.0478293,
156.2799755,
156.5099087,
156.7375893,
156.9629779,
157.186035,
157.4067214,
157.624998,
157.8408256,
158.0541655,
158.2649787,
158.4732265,
158.6788705,
158.8818721,
159.082193,
159.2797952,
159.4746404,
159.6666909,
159.855909,
160.0422569,
160.2256973,
160.4061929,
160.5837066,
160.7582015,
160.9296407,
161.0979877,
161.2632059,
161.4252593,
161.5841117,
161.7397272,
161.8920703,
162.0411053,
162.186797,
162.3291105,
162.4680107,
162.6034632,
162.7354334,
162.8638872,
162.9887906,
163.1101099,
163.2278116,
163.3418625,
163.4522296,
163.5588802,
163.6617817,
163.760902,
163.8562091,
163.9476714,
164.0352576,
164.1189364,
164.1986771,
164.2744492,
164.3462225,
164.4139672,
164.4776536,
164.5372526,
164.5927351,
164.6440726,
164.6912369,
164.7342001,
164.7729347,
164.8074134,
164.8376095,
164.8634965,
164.8850484,
164.9022395,
164.9150446,
164.9234387,
164.9273975,
164.9268968,
164.9219131,
164.9124232,
164.8984044,
164.8798343,
164.8566911,
164.8289533,
164.7966002,
164.7596113,
164.7179665,
164.6716465,
164.6206322,
164.5649053,
164.5044477,
164.439242,
164.3692714,
164.2945195,
164.2149704,
164.130609,
164.0414205,
163.9473909,
163.8485065,
163.7447544,
163.6361222,
163.5225982,
163.4041711,
163.2808305,
163.1525665,
163.0193697,
162.8812315,
162.7381438,
162.5900994,
162.4370915,
162.2791141,
162.1161619,
161.9482301,
161.7753149,
161.597413,
161.4145217,
161.2266392,
161.0337645,
160.8358969,
160.633037,
160.4251857,
160.2123448,
159.994517,
159.7717054,
159.5439142,
159.3111482,
159.073413,
158.8307151,
158.5830616,
158.3304605,
158.0729207,
157.8104515,
157.5430636,
157.270768,
156.9935769,
156.711503,
156.42456,
156.1327624,
155.8361257,
155.5346659,
155.2284001,
154.9173461,
154.6015228,
154.2809497,
153.9556471,
153.6256365,
153.29094,
152.9515806,
152.6075822,
152.2589696,
151.9057684,
151.5480051,
151.1857071,
150.8189027,
150.447621,
150.0718921,
149.6917468,
149.3072169,
148.9183351,
148.5251349,
148.1276507,
147.7259179,
147.3199725,
146.9098518,
146.4955935,
146.0772366,
145.6548207,
145.2283863,
144.7979749,
144.3636288,
143.9253912,
143.4833061,
143.0374183,
142.5877737,
142.1344189,
141.6774013,
141.2167692,
140.7525719,
140.2848592,
139.8136821,
139.3390922,
138.861142,
138.379885,
137.8953751,
137.4076674,
136.9168177,
136.4228825,
135.9259192,
135.4259861,
134.9231419,
134.4174466,
133.9089607,
133.3977453,
132.8838626,
132.3673753,
131.8483471,
131.3268421,
130.8029255,
130.276663,
129.748121,
129.2173667,
128.684468,
128.1494935,
127.6125124,
127.0735947,
126.5328109,
125.9902323,
125.4459309,
124.8999792,
124.3524503,
123.8034181,
123.2529569,
122.7011419,
122.1480486,
121.5937531,
121.0383323,
120.4818635,
119.9244246,
119.3660939,
118.8069504,
118.2470736,
117.6865435,
117.1254404,
116.5638454,
116.0018399,
115.4395057,
114.8769252,
114.3141812,
113.7513569,
113.1885358,
112.6258021,
112.06324,
111.5009345,
110.9389705,
110.3774338,
109.81641,
109.2559854,
108.6962465,
108.13728,
107.5791731,
107.022013,
106.4658875,
105.9108844,
105.3570918,
104.8045981,
104.2534918,
103.7038616,
103.1557966,
102.6093858,
102.0647185,
101.5218841,
100.9809722,
100.4420725,
99.90527464,
99.37066859,
98.83834429,
98.30839174,
97.78090101,
97.25596222,
96.7336655,
96.21410098,
95.69735881,
95.18352912,
94.672702,
94.16496751,
93.66041565,
93.15913635,
92.66121945,
92.16675471,
91.67583176,
91.18854012,
90.70496916,
90.22520811,
89.74934603,
89.27747181,
88.80967412,
88.34604147,
87.8866621,
87.43162406,
86.98101512,
86.53492282,
86.0934344,
85.65663682,
85.22461675,
84.79746054,
84.3752542,
83.9580834,
83.54603348,
83.13918937,
82.73763565,
82.3414565,
81.95073566,
81.56555647,
81.18600185,
80.81215422,
80.44409558,
80.08190743,
79.72567078,
79.37546613,
79.03137347,
78.69347225,
78.36184137,
78.03655918,
77.71770345,
77.40535135,
77.09957946,
76.80046374,
76.50807952,
76.22250149,
75.94380368,
75.67205944,
75.40734144,
75.14972165,
74.89927134,
74.65606103,
74.42016052,
74.19163883,
73.97056424,
73.75700422,
73.55102546,
73.35269384,
73.16207438,
72.97923132,
72.80422799,
72.63712689,
72.47798961,
72.32687687,
72.18384845,
72.04896325,
71.92227917,
71.80385322,
71.69374139,
71.59199872,
71.49867925,
71.413836,
71.33752098,
71.26978515,
71.21067841,
71.16024962,
71.11854653,
71.08561583,
71.06150306,
71.04625266,
71.03990794,
71.04251104,
71.05410296,
71.07472348,
71.10441123,
71.14320361,
71.1911368,
71.24824577,
71.3145642,
71.39012455,
71.47495799,
71.56909438,
71.67256231,
71.78538905,
71.90760052,
72.03922133,
72.18027471,
72.33078254,
72.49076531,
72.66024212,
72.83923067,
73.02774723,
73.22580667,
73.43342238,
73.65060633,
73.87736899,
74.11371938,
74.35966503,
74.61521195,
74.88036466,
75.15512613,
75.43949783,
75.73347965,
76.03706995,
76.35026552,
76.67306155,
77.00545168,
77.34742792,
77.6989807,
78.06009882,
78.43076944,
78.81097812,
79.20070874,
79.59994356,
80.00866316,
80.42684645,
80.85447066,
81.29151135,
81.73794237,
82.19373589,
82.65886234,
83.13329047,
83.61698729,
84.10991807,
84.61204638,
85.12333401,
85.64374104,
86.17322578,
86.71174479,
87.25925286,
87.81570301,
88.38104652,
88.95523287,
89.53820977,
90.12992314,
90.73031713,
91.3393341,
91.95691462,
92.58299745,
93.21751959,
93.86041623,
94.51162075,
95.17106476,
95.83867805,
96.51438862,
97.19812268,
97.88980464,
98.58935711,
99.29670091,
100.0117551,
100.7344368,
101.4646616,
102.2023431,
102.9473931,
103.6997218,
104.4592375,
105.2258468,
105.9994544,
106.7799634,
107.567275,
108.3612887,
109.1619024,
109.969012,
110.7825119,
111.6022947,
112.4282512,
113.2602705,
114.0982403,
114.9420461,
115.7915722,
116.6467009,
117.5073131,
118.3732878,
119.2445025,
120.1208331,
121.0021539,
121.8883374,
122.7792548,
123.6747754,
124.5747673,
125.4790968,
126.3876287,
127.3002264,
128.2167517,
129.1370649,
130.0610248,
130.9884891,
131.9193135,
132.8533526,
133.7904597,
134.7304864,
135.6732833,
136.6186995,
137.5665825,
138.516779,
139.4691341,
140.4234918,
141.3796946,
142.337584,
143.2970004,
144.2577829,
145.2197693,
146.1827965,
147.1467002,
148.1113151,
149.0764748,
150.0420119,
151.0077579,
151.9735435,
152.9391983,
153.9045511,
154.8694297,
155.8336612,
156.7970717,
157.7594865,
158.7207303,
159.6806269,
160.6389995,
161.5956703,
162.5504614,
163.5031937,
164.453688,
165.4017642,
166.3472418,
167.2899398,
168.2296768,
169.1662709,
170.0995399,
171.029301,
171.9553714,
172.8775679,
173.7957069,
174.7096047,
175.6190776,
176.5239415,
177.4240122,
178.3191056,
179.2090376,
180.0936238,
180.9726802,
181.8460227,
182.7134674,
183.5748305,
184.4299285,
185.278578,
186.1205961,
186.9558,
187.7840075,
188.6050366,
189.4187058,
190.2248342,
191.0232413,
191.8137474,
192.5961731,
193.3703399,
194.13607,
194.8931861,
195.641512,
196.3808721,
197.111092,
197.8319978,
198.5434168,
199.2451773,
199.9371088,
200.6190414,
201.290807,
201.9522382,
202.603169,
203.2434347,
203.8728718,
204.4913184,
205.0986138,
205.6945988,
206.2791157,
206.8520083,
207.4131222,
207.9623044,
208.4994036,
209.0242704,
209.5367568,
210.0367171,
210.5240071,
210.9984845,
211.4600092,
211.9084427,
212.343649,
212.7654937,
213.1738449,
213.5685725,
213.9495489,
214.3166486,
214.6697484,
215.0087274,
215.333467,
215.6438513,
215.9397664,
216.2211013,
216.4877473,
216.7395983,
216.9765508,
217.198504,
217.4053597,
217.5970224,
217.7733995,
217.9344011,
218.0799402,
218.2099324,
218.3242965,
218.4229542,
218.50583,
218.5728515,
218.6239493,
218.6590572,
218.678112,
218.6810535,
218.6678248,
218.6383723,
218.5926453,
218.5305966,
218.4521823,
218.3573616,
218.2460971,
218.1183549,
217.9741042,
217.8133179,
217.635972,
217.4420463,
217.2315238,
217.0043911,
216.7606382,
216.5002588,
216.22325,
215.9296125,
215.6193506,
215.2924721,
214.9489885,
214.5889149,
214.2122701,
213.8190764,
213.4093598,
212.9831501,
212.5404805,
212.0813881,
211.6059136,
211.1141015,
210.6059998,
210.0816604,
209.5411388,
208.9844942,
208.4117896,
207.8230916,
207.2184705,
206.5980004,
205.9617591,
205.3098279,
204.6422921,
203.9592403,
203.2607653,
202.546963,
201.8179334,
201.0737798,
200.3146095,
199.5405332,
198.7516651,
197.9481233,
197.1300292,
196.2975079,
195.4506881,
194.589702,
193.7146851,
192.8257767,
191.9231193,
191.006859,
190.0771453,
189.134131,
188.1779723,
187.2088288,
186.2268633,
185.2322421,
184.2251345,
183.205713,
182.1741536,
181.1306352,
180.0753397,
179.0084525,
177.9301616,
176.8406584,
175.7401368,
174.6287942,
173.5068304,
172.3744484,
171.2318537,
170.0792549,
168.9168631,
167.744892,
166.5635583,
165.3730808,
164.1736813,
162.9655837,
161.7490147,
160.5242032,
159.2913803,
158.0507797,
156.8026372,
155.5471907,
154.2846805,
153.0153485,
151.7394392,
150.4571987,
149.1688752,
147.8747185,
146.5749805,
145.2699147,
143.9597762,
142.644822,
141.3253105,
140.0015014,
138.6736562,
137.3420377,
136.0069097,
134.6685378,
133.3271883,
131.983129,
130.6366286,
129.2879567,
127.9373841,
126.5851824,
125.2316238,
123.8769816,
122.5215294,
121.1655418,
119.8092938,
118.4530607,
117.0971185,
115.7417434,
114.387212,
113.033801,
111.6817873,
110.3314479,
108.9830599,
107.6369001,
106.2932455,
104.9523728,
103.6145583,
102.2800782,
100.9492082,
99.62222373,
98.29939941,
96.9810095,
95.66732755,
94.3586264,
93.0551781,
91.75725388,
90.46512403,
89.17905789,
87.89932374,
86.62618877,
85.35991899,
84.10077918,
82.84903281,
81.60494201,
80.36876747,
79.14076839,
77.92120243,
76.71032564,
75.50839239,
74.31565532,
73.13236527,
71.95877124,
70.79512031,
69.64165757,
68.49862612,
67.36626693,
66.24481885,
65.13451853,
64.03560034,
62.94829637,
61.87283633,
60.80944749,
59.75835466,
58.71978015,
57.69394364,
56.68106223,
55.6813503,
54.69501953,
53.72227881,
52.7633342,
51.81838888,
50.88764313,
49.97129425,
49.06953653,
48.1825612,
47.31055639,
46.4537071,
45.61219513,
44.78619906,
43.97589423,
43.18145262,
42.40304292,
41.64083042,
40.89497698,
40.16564102,
39.45297747,
38.75713774,
38.07826968,
37.41651754,
36.77202198,
36.14491998,
35.53534486,
34.94342622,
34.36928992,
33.81305806,
33.27484897,
32.75477712,
32.25295319,
31.76948397,
31.30447236,
30.85801737,
30.43168814,
30.02707398,
29.64429557,
29.28346603,
28.94469088,
28.62806801,
28.33368761,
28.06163217,
27.81197644,
27.5847874,
27.38012426,
27.19803839,
27.03857335,
26.90176487,
26.78764082,
26.69622124,
26.62751827,
26.58153625,
26.55827163,
26.55771304,
26.57984127,
26.62462929,
26.69204229,
26.78203766,
26.89456504,
27.02956637,
27.18697586,
27.3667201,
27.56871802,
27.79288099,
28.03911285,
28.30730994,
28.59736115,
28.90914802,
29.24254472,
29.59741819,
29.97362814,
30.37102716,
30.78946074,
31.22876741,
31.68877875,
32.1693195,
32.67020765,
33.19125449,
33.73226472,
34.29303653,
34.87336171,
35.47302572,
36.09180778,
36.72948101,
37.38581249,
38.06056339,
38.75348905,
39.46433914,
40.1928577,
40.9387833,
41.70184916,
42.48178323,
43.27830836,
44.09114236,
44.91999818,
45.764584,
46.62460339,
47.49975538,
48.38973465,
49.29423166,
50.21293271,
51.14552018,
52.09167259,
53.05106475,
54.02336794,
55.00825,
56.00537549,
57.01440585,
58.03499952,
59.06681207,
60.10949641,
61.16270286,
62.22607934,
63.29927149,
64.38192285,
65.473675,
66.57416767,
67.68303895,
68.79992539,
69.92446217,
71.05628325,
72.19502153,
73.34030895,
74.49177673,
75.64905541,
76.81177509,
77.97956554,
79.15205633,
80.32887704,
81.50965733,
82.69402714,
83.88161684,
85.07205732,
86.2649802,
87.46290939,
88.66836951,
89.88099418,
91.10041772,
92.32627519,
93.55820262,
94.79583709,
96.03881689,
97.28678164,
98.53937245,
99.79623202,
101.0570048,
102.3213371,
103.5888773,
104.8592758,
106.1321853,
107.4072608,
108.68416,
109.962543,
111.2420727,
112.522415,
113.8032384,
115.084215,
116.3650196,
117.6453305,
118.9248295,
120.2032018,
121.4801362,
122.7553252,
124.0284651,
125.2992562,
126.5674027,
127.8326129,
129.0945993,
130.3530786,
131.6077719,
132.8584047,
134.1047069,
135.3464132,
136.5832627,
137.8149993,
139.0413717,
140.2621335,
141.4770431,
142.6858639,
143.8883644,
145.0843181,
146.2735036,
147.4557047,
148.6307106,
149.7983153,
150.9583187,
152.1105256,
153.2547464,
154.3907968,
155.5184979,
156.6376765,
157.7481646,
158.8497998,
159.9424254,
161.0258899,
162.1000477,
163.1647586,
164.2198879,
165.2653066,
166.3008913,
167.3265239,
168.3420923,
169.3474896,
170.3426146,
171.3273717,
172.3016707,
173.265427,
174.2185615,
175.1610005,
176.0926758,
177.0135246,
177.9234894,
178.8225183,
179.7105646,
180.5875867,
181.4535485,
182.3084191,
183.1521726,
183.9847883,
184.8062507,
185.6165491,
186.4156779,
187.2036364,
187.9804289,
188.7460641,
189.500556,
190.2439228,
190.9761875,
191.6973779,
192.4075259,
193.106668,
193.794845,
194.4721022,
195.1384887,
195.7940581,
196.4388679,
197.0729796,
197.6964586,
198.309374,
198.9117989,
199.5038099,
200.0854872,
200.6569144,
201.2181786,
201.7693702,
202.310583,
202.8419135,
203.3634617,
203.8753303,
204.3776251,
204.8704544,
205.3539294,
205.8281638,
206.2932739,
206.7493783,
207.1965979,
207.6350561,
208.064878,
208.4861911,
208.8991247,
209.3038099,
209.7003796,
210.0889684,
210.4697124,
210.8427493,
211.2082179,
211.5662586,
211.9170128,
212.2606231,
212.5972329,
212.9269867,
213.2500299,
213.5665083,
213.8765687,
214.1803582,
214.4780243,
214.7697152,
215.0555791,
215.3357644,
215.6104196,
215.8796935,
216.1437343,
216.4026906,
216.6567103,
216.9059414,
217.1505311,
217.3906264,
217.6263736,
217.8579184,
218.0854059,
218.3089801,
218.5287846,
218.7449616,
218.9576525,
219.1669977,
219.3731364,
219.5762064,
219.7763445,
219.9736859,
220.1683647,
220.3605131,
220.5502622,
220.7377413,
220.923078,
221.1063983,
221.2878265,
221.4674849,
221.6454941,
221.8219727,
221.9970376,
222.1708032,
222.3433823,
222.5148855,
222.6854212,
222.8550957,
223.0240129,
223.1922749,
223.359981,
223.5272287,
223.6941127,
223.8607258,
224.0271579,
224.193497,
224.3598283,
224.5262346,
224.6927965,
224.8595917,
225.0266956,
225.1941811,
225.3621185,
225.5305756,
225.6996175,
225.8693069,
226.0397038,
226.2108657,
226.3828475,
226.5557015,
226.7294774,
226.9042224,
227.079981,
227.2567952,
227.4347044,
227.6137455,
227.7939529,
227.9753583,
228.1579909,
228.3418776,
228.5270425,
228.7135074,
228.9012917,
229.0904122,
229.2808835,
229.4727174,
229.6659239,
229.8605101,
230.0564811,
230.2538397,
230.4525863,
230.6527191,
230.8542342,
231.0571255,
231.2613846,
231.4670011,
231.6739627,
231.8822547,
232.0918608,
232.3027625,
232.5149393,
232.7283692,
232.9430279,
233.1588897,
233.3759269,
233.59411,
233.8134082,
234.0337888,
234.2552176,
234.4776587,
234.701075,
234.9254278,
235.150677,
235.3767812,
235.6036976,
235.8313824,
236.0597902,
236.2888749,
236.5185889,
236.7488838,
236.9797101,
237.2110173,
237.4427542,
237.6748684,
237.9073071,
238.1400165,
238.3729422,
238.6060289,
238.8392211,
239.0724626,
239.3056964,
239.5388656,
239.7719124,
240.004779,
240.2374072,
240.4697384,
240.7017139,
240.9332751,
241.1643628,
241.3949183,
241.6248824,
241.8541962,
242.082801,
242.310638,
242.5376487,
242.7637748,
242.9889583,
243.2131415,
243.4362671,
243.6582782,
243.8791183,
244.0987315,
244.3170623,
244.5340558,
244.7496579,
244.9638149,
245.176474,
245.3875831,
245.5970906,
245.8049462,
246.0111,
246.2155031,
246.4181078,
246.6188669,
246.8177345,
247.0146656,
247.2096161,
247.4025433,
247.5934052,
247.7821614,
247.9687721,
248.1531991,
248.3354053,
248.5153548,
248.6930128,
248.8683461,
249.0413224,
249.2119112,
249.3800828,
249.5458092,
249.7090636,
249.8698208,
250.0280568,
250.183749,
250.3368763,
250.4874191,
250.6353591,
250.7806795,
250.9233651,
251.063402,
251.2007778,
251.3354816,
251.4675042,
251.5968375,
251.7234752,
251.8474125,
251.9686459,
252.0871734,
252.2029948,
252.3161111,
252.426525,
252.5342403,
252.6392628,
252.7415995,
252.8412588,
252.9382507,
253.0325867,
253.1242796,
253.2133436,
253.2997945,
253.3836494,
253.4649269,
253.5436468,
253.6198303,
253.6935002,
253.7646803,
253.8333959,
253.8996737,
253.9635413,
254.025028,
254.0841642,
254.1409813,
254.1955122,
254.2477908,
254.2978523,
254.3457329,
254.39147,
254.435102,
254.4766684,
254.5162098,
254.5537677,
254.5893848,
254.6231044,
254.654971,
254.68503,
254.7133276,
254.7399108,
254.7648275,
254.7881263,
254.8098567,
254.8300689,
254.8488137,
254.8661426,
254.8821079,
254.8967622,
254.910159,
254.9223521,
254.933396,
254.9433456,
254.9522562,
254.9601837,
254.9671842,
254.9733143,
254.9786309,
254.9831911,
254.9870523,
254.9902724,
254.992909,
254.9950203,
254.9966646,
254.9979,
254.9987851,
254.9993781,
254.9997378,
254.9999223,
254.9999903,
255,
255,
255,
255,
255,
255,
255,
255,
255,
255,
255,
255,
255,
255,
255,
255,
255,
255,
255,
255,
255,
255,
255,
255,
255,
255,
255,
255,
255,
255,
255,
255,
255,
255,
255,
255,
255,
255,
255,
255,
255,
255,
255,
255,
255,
255,
255,
255,
255,
255,
255,
255,
255,
255,
255,
255,
255,
255,
255,
255,
255,
255,
255,
255,
255,
255,
255,
255,
255,
255,
255,
255,
255,
255,
255,
255,
255,
255,
255,
255,
255,
255,
255,
255,
255,
255,
255,
255,
255,
255,
255,
255,
255,
255,
255,
255,
255,
255,
255,
255,
255,
255,
255,
255,
255,
255,
255,
255,
255,
255,
255,
255,
255,
255,
255,
255,
255,
255,
255,
255,
255,
255,
255,
255,
255,
255,
255,
255,
255,
255,
255,
255,
255,
255,
255,
255,
255,
255,
255,
255,
255,
255,
255,
255,
255,
255,
255,
255,
255,
255,
255,
255,
255,
255,
255,
255,
255,
255,
255,
255,
255;
