-10,
-10,
-10,
-10,
-10,
-10,
-10,
-10,
-10,
-10,
-10,
-10,
-10,
-10,
-10,
-10,
-10,
-10,
-10,
-10,
-10,
-10,
-10,
-10,
-10,
-10,
-10,
-10,
-10,
-10,
-10,
-10,
-10,
-10,
-10,
-10,
-10,
-10,
-10,
-10,
-10,
-10,
-10,
-10,
-10,
-10,
-10,
-10,
-10,
-10,
-10,
-10,
-10,
-10,
-10,
-10,
-10,
-10,
-10,
-10,
-10,
-10,
-10,
-10,
-10,
-10,
-10,
-10,
-10,
-10,
-10,
-10,
-10,
-10,
-10,
-10,
-10,
-10,
-10,
-10,
-10,
-10,
-10,
-10,
-10,
-10,
-10,
-10,
-10,
-10,
-10,
-10,
-10,
-10,
-10,
-10,
-10,
-10,
-10,
-10,
-10,
-10,
-10,
-10,
-10,
-10,
-10,
-10,
-10,
-10,
-10,
-10,
-10,
-10,
-10,
-10,
-10,
-10,
-10,
-10,
-10,
-10,
-10,
-10,
-10,
-10,
-10,
-10,
-10,
-10,
-10,
-10,
-10,
-10,
-10,
-10,
-10,
-10,
-10,
-10,
-10,
-10,
-10,
-10,
-10,
-10,
-10,
-10,
-10,
-10,
-10,
-10,
-10,
-10,
-10,
-10,
-10,
-10,
-10,
-10,
-10,
-9.99998178,
-9.999853821,
-9.999505245,
-9.998823945,
-9.997696604,
-9.996008715,
-9.993644596,
-9.990487412,
-9.986419194,
-9.98132086,
-9.975072232,
-9.96755206,
-9.958638044,
-9.948206852,
-9.936134144,
-9.922294596,
-9.906561919,
-9.888808887,
-9.868907357,
-9.846728293,
-9.822141793,
-9.795017112,
-9.765222686,
-9.73262616,
-9.697094411,
-9.658493577,
-9.616689083,
-9.571545663,
-9.522927396,
-9.470697726,
-9.414719491,
-9.354854957,
-9.290965839,
-9.222913333,
-9.150558145,
-9.073760523,
-8.99238028,
-8.90627683,
-8.815309217,
-8.719336144,
-8.618216003,
-8.511806909,
-8.399966731,
-8.282553119,
-8.159423543,
-8.030435317,
-7.895445639,
-7.754311617,
-7.606890307,
-7.453038742,
-7.292613965,
-7.125473065,
-6.951473211,
-6.77047168,
-6.582325897,
-6.386893466,
-6.184032203,
-5.973600175,
-5.755455727,
-5.529457525,
-5.295464584,
-5.053336304,
-4.802932508,
-4.544113476,
-4.276739976,
-4.000673303,
-3.715775316,
-3.421908466,
-3.118935842,
-2.806721194,
-2.48512898,
-2.154024394,
-1.813273404,
-1.462742787,
-1.102300168,
-0.731814048,
-0.351153847,
0.039810065,
0.441206329,
0.853162566,
1.275805337,
1.709260111,
2.153651228,
2.609101863,
3.075733994,
3.553668363,
4.043024444,
4.543920407,
5.056473082,
5.580797926,
6.117008989,
6.665218876,
7.225538718,
7.798078133,
8.382945195,
8.980246398,
9.590086626,
10.21256912,
10.84779543,
11.4958654,
12.15687714,
12.83092697,
13.5181094,
14.2185171,
14.93224088,
15.65936962,
16.39999027,
17.15418783,
17.92204528,
18.70364358,
19.49906162,
20.30837621,
21.13166204,
21.96899166,
22.82043541,
23.68606146,
24.56593572,
25.46012185,
26.36868122,
27.29167286,
28.2291535,
29.18117744,
30.14779664,
31.12906059,
32.12501636,
33.13570854,
34.1611792,
35.20146793,
36.25661173,
37.32664506,
38.41159978,
39.51150512,
40.62638769,
41.75627145,
42.90117766,
44.06112488,
45.23612897,
46.42620304,
47.63135744,
48.85159973,
50.08693471,
51.33736433,
52.60288774,
53.88350122,
55.1791982,
56.48996923,
57.81580197,
59.15668117,
60.51258866,
61.88350333,
63.26940113,
64.67025506,
66.08603512,
67.51670836,
68.96223882,
70.42258754,
71.89771255,
73.38756886,
74.89210846,
76.41128028,
77.94503024,
79.49330119,
81.05603292,
82.63316218,
84.22462263,
85.83034489,
87.45025649,
89.08428189,
90.73234248,
92.39435655,
94.07023933,
95.75990298,
97.46325656,
99.18020607,
100.9106544,
102.6545015,
104.411644,
106.1819756,
107.9653871,
109.761766,
111.5709968,
113.3929611,
115.2275372,
117.0746006,
118.9340237,
120.805676,
122.6894236,
124.5851302,
126.4926559,
128.4118584,
130.342592,
132.2847082,
134.2380558,
136.2024802,
138.1778243,
140.1639279,
142.1606281,
144.1677589,
146.1851517,
148.212635,
150.2500343,
152.2971726,
154.35387,
156.4199438,
158.4952088,
160.5794767,
162.672557,
164.7742561,
166.8843781,
169.0027242,
171.1290933,
173.2632815,
175.4050825,
177.5542875,
179.7106852,
181.8740616,
184.0442007,
186.2208838,
188.40389,
190.5929959,
192.7879758,
194.988602,
197.1946441,
199.40587,
201.6220449,
203.8429322,
206.0682931,
208.2978867,
210.53147,
212.7687981,
215.0096241,
217.2536991,
219.5007722,
221.750591,
224.0029008,
226.2574455,
228.513967,
230.7722056,
233.0318999,
235.2927869,
237.554602,
239.817079,
242.0799502,
244.3429465,
246.6057973,
248.8682306,
251.1299732,
253.3907504,
255.6502864,
257.9083041,
260.1645253,
262.4186707,
264.6704598,
266.9196112,
269.1658425,
271.4088702,
273.6484101,
275.8841771,
278.1158853,
280.343248,
282.5659779,
284.7837869,
286.9963864,
289.2034872,
291.4047997,
293.6000336,
295.7888984,
297.9711032,
300.1463567,
302.3143675,
304.4748437,
306.6274935,
308.7720248,
310.9081457,
313.0355641,
315.1539878,
317.263125,
319.3626838,
321.4523725,
323.5318999,
325.6009748,
327.6593065,
329.7066045,
331.7425791,
333.7669407,
335.7794005,
337.7796703,
339.7674624,
341.7424899,
343.7044666,
345.6531073,
347.5881273,
349.5092431,
351.4161721,
353.3086327,
355.1863442,
357.0490273,
358.8964036,
360.7281961,
362.544129,
364.3439278,
366.1273194,
367.894032,
369.6437955,
371.376341,
373.0914014,
374.7887113,
376.4680067,
378.1290254,
379.771507,
381.3951931,
382.9998267,
384.5851532,
386.1509196,
387.6968752,
389.222771,
390.7283605,
392.213399,
393.6776441,
395.1208558,
396.5427962,
397.9432299,
399.3219236,
400.6786467,
402.0131709,
403.3252704,
404.6147222,
405.8813057,
407.1248028,
408.3449983,
409.5416797,
410.7146372,
411.8636639,
412.9885557,
414.0891113,
415.1651324,
416.2164237,
417.2427929,
418.2440507,
419.220011,
420.1704907,
421.0953098,
421.9942917,
422.8672629,
423.7140532,
424.5344956,
425.3284266,
426.095686,
426.8361169,
427.5495661,
428.2358836,
428.894923,
429.5265414,
430.1305995,
430.7069616,
431.2554957,
431.7760731,
432.2685692,
432.7328629,
433.1688368,
433.5763772,
433.9553745,
434.3057225,
434.6273191,
434.9200659,
435.1838685,
435.4186362,
435.6242825,
435.8007246,
435.9478837,
436.065685,
436.1540578,
436.2129353,
436.2422547,
436.2419573,
436.2119884,
436.1522974,
436.0628379,
435.9435675,
435.7944479,
435.615445,
435.4065286,
435.1676731,
434.8988566,
434.6000617,
434.2712749,
433.9124872,
433.5236934,
433.1048928,
432.6560888,
432.177289,
431.6685051,
431.1297533,
430.5610538,
429.962431,
429.3339135,
428.6755342,
427.9873303,
427.269343,
426.5216178,
425.751144,
424.9649141,
424.1629841,
423.3454126,
422.5122607,
421.6635924,
420.7994743,
419.9199756,
419.0251683,
418.115127,
417.1899287,
416.2496535,
415.2943837,
414.3242044,
413.3392033,
412.3394707,
411.3250993,
410.2961845,
409.2528244,
408.1951193,
407.1231722,
406.0370887,
404.9369766,
403.8229465,
402.6951112,
401.5535861,
400.3984888,
399.2299397,
398.0480612,
396.8529782,
395.6448179,
394.4237099,
393.1897861,
391.9431806,
390.6840298,
389.4124723,
388.128649,
386.8327029,
385.5247792,
384.2050253,
382.8735906,
381.5306267,
380.1762871,
378.8107276,
377.4341058,
376.0465813,
374.6483159,
373.239473,
371.820218,
370.3907184,
368.9511432,
367.5016635,
366.042452,
364.5736833,
363.0955336,
361.6081809,
360.1118048,
358.6065865,
357.0927089,
355.5703565,
354.0397151,
352.5009722,
350.9543168,
349.3999392,
347.8380312,
346.2687858,
344.6923976,
343.1090624,
341.5189771,
339.92234,
338.3193506,
336.7102094,
335.0951182,
333.4742797,
331.8478979,
330.2161776,
328.5793246,
326.9375457,
325.2910486,
323.6400417,
321.9847346,
320.3253372,
318.6620605,
316.9951161,
315.3247162,
313.6510737,
311.9744022,
310.2949157,
308.6128286,
306.9283562,
305.2417137,
303.5531171,
301.8627827,
300.1709269,
298.4777665,
296.7835187,
295.0884007,
293.3926299,
291.6964238,
290,
288.3035511,
286.6071692,
284.9109213,
283.2148742,
281.519095,
279.8236507,
278.1286081,
276.4340341,
274.7399957,
273.0465597,
271.3537931,
269.6617625,
267.9705349,
266.2801769,
264.5907554,
262.902337,
261.2149883,
259.5287761,
257.8437668,
256.1600269,
254.477623,
252.7966215,
251.1170887,
249.4390909,
247.7626944,
246.0879654,
244.4149699,
242.7437741,
241.0744438,
239.4070451,
237.7416436,
236.0783053,
234.4170956,
232.7580803,
231.1013248,
229.4468945,
227.7948548,
226.1452708,
224.4982077,
222.8537305,
221.2119041,
219.5727933,
217.9364629,
216.3029774,
214.6724014,
213.0447991,
211.420235,
209.798773,
208.1804772,
206.5654115,
204.9536397,
203.3452254,
201.740232,
200.138723,
198.5407615,
196.9464107,
195.3557335,
193.7687927,
192.185651,
190.6063708,
189.0310145,
187.4596442,
185.8923221,
184.32911,
182.7700695,
181.2152624,
179.6647498,
178.1185931,
176.5768533,
175.0395913,
173.5068677,
171.978743,
170.4552776,
168.9365317,
167.4225651,
165.9134376,
164.4092089,
162.9099383,
161.415685,
159.926508,
158.4424661,
156.9636178,
155.4900216,
154.0217356,
152.5588177,
151.1013259,
149.6493175,
148.2028499,
146.7619802,
145.3267654,
143.8972619,
142.4735264,
141.0556149,
139.6435835,
138.237488,
136.8373837,
135.4433261,
134.0553701,
132.6735705,
131.2979819,
129.9286586,
128.5656546,
127.2090237,
125.8588196,
124.5150955,
123.1779045,
121.8472993,
120.5233325,
119.2060563,
117.8955228,
116.5917836,
115.2948904,
114.0048942,
112.7218459,
111.4457964,
110.1767958,
108.9148943,
107.6601418,
106.4125877,
105.1722814,
103.9392717,
102.7136074,
101.4953369,
100.2845082,
99.08116908,
97.88536715,
96.69714958,
95.51656328,
94.34365485,
93.1784706,
92.02105652,
90.87145831,
89.72972136,
88.59589074,
87.4700112,
86.3521272,
85.24228287,
84.14052203,
83.04688816,
81.96142445,
80.88417375,
79.81517858,
78.75448114,
77.70212332,
76.65814666,
75.62259237,
74.59550132,
73.57691408,
72.56687086,
71.56541152,
70.5725756,
69.58840231,
68.61293048,
67.64619864,
66.68824495,
65.73910722,
64.79882292,
63.86742919,
62.94496278,
62.03146011,
61.12695726,
60.23148992,
59.34509344,
58.46780283,
57.59965271,
56.74067736,
55.89091069,
55.05038624,
54.2191372,
53.39719639,
52.58459625,
51.78136886,
50.98754594,
50.20315882,
49.42823847,
48.66281548,
47.90692007,
47.16058208,
46.42383097,
45.69669583,
44.97920537,
44.27138792,
43.5732714,
42.88488339,
42.20625107,
41.53740121,
40.87836024,
40.22915415,
39.5898086,
38.96034881,
38.34079964,
37.73118554,
37.13153058,
36.54185843,
35.96219238,
35.39255531,
34.8329697,
34.28345765,
33.74404085,
33.2147406,
32.69557779,
32.18657292,
31.68774608,
31.19911697,
30.72070487,
30.25252867,
29.79460686,
29.34695752,
28.9095983,
28.4825465,
28.06581895,
27.65943211,
27.26340203,
26.87774435,
26.50247428,
26.13760664,
25.78315583,
25.43913586,
25.10556029,
24.7824423,
24.46979465,
24.16762968,
23.87595931,
23.59479506,
23.32414804,
23.06402892,
22.81444798,
22.57541506,
22.34693961,
22.12903065,
21.92169677,
21.72494616,
21.53878659,
21.36322542,
21.19826956,
21.04392553,
20.90019943,
20.76709693,
20.64462328,
20.53278332,
20.43158147,
20.34102172,
20.26110764,
20.19184239,
20.1332287,
20.08526889,
20.04796486,
20.02131806,
20.00532957,
20,
20.00532957,
20.02131806,
20.04796486,
20.08526889,
20.1332287,
20.19184239,
20.26110764,
20.34102172,
20.43158147,
20.53278332,
20.64462328,
20.76709693,
20.90019943,
21.04392553,
21.19826956,
21.36322542,
21.53878659,
21.72494616,
21.92169677,
22.12903065,
22.34693961,
22.57541506,
22.81444798,
23.06402892,
23.32414804,
23.59479506,
23.87595931,
24.16762968,
24.46979465,
24.7824423,
25.10556029,
25.43913586,
25.78315583,
26.13760664,
26.50247428,
26.87774435,
27.26340203,
27.65943211,
28.06581895,
28.4825465,
28.9095983,
29.34695752,
29.79460686,
30.25252867,
30.72070487,
31.19911697,
31.68774608,
32.18657292,
32.69557779,
33.2147406,
33.74404085,
34.28345765,
34.8329697,
35.39255531,
35.96219238,
36.54185843,
37.13153058,
37.73118554,
38.34079964,
38.96034881,
39.5898086,
40.22915415,
40.87836024,
41.53740121,
42.20625107,
42.88488339,
43.5732714,
44.27138792,
44.97920537,
45.69669583,
46.42383097,
47.16058208,
47.90692007,
48.66281548,
49.42823847,
50.20315882,
50.98754594,
51.78136886,
52.58459625,
53.39719639,
54.2191372,
55.05038624,
55.89091069,
56.74067736,
57.59965271,
58.46780283,
59.34509344,
60.23148992,
61.12695726,
62.03146011,
62.94496278,
63.86742919,
64.79882292,
65.73910722,
66.68824495,
67.64619864,
68.61293048,
69.58840231,
70.5725756,
71.56541152,
72.56687086,
73.57691408,
74.59550132,
75.62259237,
76.65814666,
77.70212332,
78.75448114,
79.81517858,
80.88417375,
81.96142445,
83.04688816,
84.14052203,
85.24228287,
86.3521272,
87.4700112,
88.59589074,
89.72972136,
90.87145831,
92.02105652,
93.1784706,
94.34365485,
95.51656328,
96.69714958,
97.88536715,
99.08116908,
100.2845082,
101.4953369,
102.7136074,
103.9392717,
105.1722814,
106.4125877,
107.6601418,
108.9148943,
110.1767958,
111.4457964,
112.7218459,
114.0048942,
115.2948904,
116.5917836,
117.8955228,
119.2060563,
120.5233325,
121.8472993,
123.1779045,
124.5150955,
125.8588196,
127.2090237,
128.5656546,
129.9286586,
131.2979819,
132.6735705,
134.0553701,
135.4433261,
136.8373837,
138.237488,
139.6435835,
141.0556149,
142.4735264,
143.8972619,
145.3267654,
146.7619802,
148.2028499,
149.6493175,
151.1013259,
152.5588177,
154.0217356,
155.4900216,
156.9636178,
158.4424661,
159.926508,
161.415685,
162.9099383,
164.4092089,
165.9134376,
167.4225651,
168.9365317,
170.4552776,
171.978743,
173.5068677,
175.0395913,
176.5768533,
178.1185931,
179.6647498,
181.2152624,
182.7700695,
184.32911,
185.8923221,
187.4596442,
189.0310145,
190.6063708,
192.185651,
193.7687927,
195.3557335,
196.9464107,
198.5407615,
200.138723,
201.740232,
203.3452254,
204.9536397,
206.5654115,
208.1804772,
209.798773,
211.420235,
213.0447991,
214.6724014,
216.3029774,
217.9364629,
219.5727933,
221.2119041,
222.8537305,
224.4982077,
226.1452708,
227.7948548,
229.4468945,
231.1013248,
232.7580803,
234.4170956,
236.0783053,
237.7416436,
239.4070451,
241.0744438,
242.7437741,
244.4149699,
246.0879654,
247.7626944,
249.4390909,
251.1170887,
252.7966215,
254.477623,
256.1600269,
257.8437668,
259.5287761,
261.2149883,
262.902337,
264.5907554,
266.2801769,
267.9705349,
269.6617625,
271.3537931,
273.0465597,
274.7399957,
276.4340341,
278.1286081,
279.8236507,
281.519095,
283.2148742,
284.9109213,
286.6071692,
288.3035511,
290,
291.6964489,
293.3928308,
295.0890787,
296.7851258,
298.480905,
300.1763493,
301.8713919,
303.5659659,
305.2600043,
306.9534403,
308.6462069,
310.3382375,
312.0294651,
313.7198231,
315.4092446,
317.097663,
318.7850117,
320.4712239,
322.1562332,
323.8399731,
325.522377,
327.2033785,
328.8829113,
330.5609091,
332.2373056,
333.9120346,
335.5850301,
337.2562259,
338.9255562,
340.5929549,
342.2583564,
343.9216947,
345.5829044,
347.2419197,
348.8986752,
350.5531055,
352.2051452,
353.8547292,
355.5017923,
357.1462695,
358.7880959,
360.4272067,
362.0635371,
363.6970226,
365.3275986,
366.9552009,
368.579765,
370.201227,
371.8195228,
373.4345885,
375.0463603,
376.6547746,
378.259768,
379.861277,
381.4592385,
383.0535893,
384.6442665,
386.2312073,
387.814349,
389.3936292,
390.9689855,
392.5403558,
394.1076779,
395.67089,
397.2299305,
398.7847376,
400.3352502,
401.8814069,
403.4231467,
404.9604087,
406.4931323,
408.021257,
409.5447224,
411.0634683,
412.5774349,
414.0865624,
415.5907911,
417.0900617,
418.584315,
420.073492,
421.5575339,
423.0363822,
424.5099784,
425.9782644,
427.4411823,
428.8986741,
430.3506825,
431.7971501,
433.2380198,
434.6732346,
436.1027381,
437.5264736,
438.9443851,
440.3564165,
441.762512,
443.1626163,
444.5566739,
445.9446299,
447.3264295,
448.7020181,
450.0713414,
451.4343454,
452.7909763,
454.1411804,
455.4849045,
456.8220955,
458.1527007,
459.4766675,
460.7939437,
462.1044772,
463.4082164,
464.7051096,
465.9951058,
467.2781541,
468.5542036,
469.8232042,
471.0851057,
472.3398582,
473.5874123,
474.8277186,
476.0607283,
477.2863926,
478.5046631,
479.7154918,
480.9188309,
482.1146328,
483.3028504,
484.4834367,
485.6563452,
486.8215294,
487.9789435,
489.1285417,
490.2702786,
491.4041093,
492.5299888,
493.6478728,
494.7577171,
495.859478,
496.9531118,
498.0385755,
499.1158263,
500.1848214,
501.2455189,
502.2978767,
503.3418533,
504.3774076,
505.4044987,
506.4230859,
507.4331291,
508.4345885,
509.4274244,
510.4115977,
511.3870695,
512.3538014,
513.3117551,
514.2608928,
515.2011771,
516.1325708,
517.0550372,
517.9685399,
518.8730427,
519.7685101,
520.6549066,
521.5321972,
522.4003473,
523.2593226,
524.1090893,
524.9496138,
525.7808628,
526.6028036,
527.4154038,
528.2186311,
529.0124541,
529.7968412,
530.5717615,
531.3371845,
532.0930799,
532.8394179,
533.576169,
534.3033042,
535.0207946,
535.7286121,
536.4267286,
537.1151166,
537.7937489,
538.4625988,
539.1216398,
539.7708458,
540.4101914,
541.0396512,
541.6592004,
542.2688145,
542.8684694,
543.4581416,
544.0378076,
544.6074447,
545.1670303,
545.7165423,
546.2559591,
546.7852594,
547.3044222,
547.8134271,
548.3122539,
548.800883,
549.2792951,
549.7474713,
550.2053931,
550.6530425,
551.0904017,
551.5174535,
551.9341811,
552.3405679,
552.736598,
553.1222557,
553.4975257,
553.8623934,
554.2168442,
554.5608641,
554.8944397,
555.2175577,
555.5302053,
555.8323703,
556.1240407,
556.4052049,
556.675852,
556.9359711,
557.185552,
557.4245849,
557.6530604,
557.8709694,
558.0783032,
558.2750538,
558.4612134,
558.6367746,
558.8017304,
558.9560745,
559.0998006,
559.2329031,
559.3553767,
559.4672167,
559.5684185,
559.6589783,
559.7388924,
559.8081576,
559.8667713,
559.9147311,
559.9520351,
559.9786819,
559.9946704,
560,
559.9946704,
559.9786819,
559.9520351,
559.9147311,
559.8667713,
559.8081576,
559.7388924,
559.6589783,
559.5684185,
559.4672167,
559.3553767,
559.2329031,
559.0998006,
558.9560745,
558.8017304,
558.6367746,
558.4612134,
558.2750538,
558.0783032,
557.8709694,
557.6530604,
557.4245849,
557.185552,
556.9359711,
556.675852,
556.4052049,
556.1240407,
555.8323703,
555.5302053,
555.2175577,
554.8944397,
554.5608641,
554.2168442,
553.8623934,
553.4975257,
553.1222557,
552.736598,
552.3405679,
551.9341811,
551.5174535,
551.0904017,
550.6530425,
550.2053931,
549.7474713,
549.2792951,
548.800883,
548.3122539,
547.8134271,
547.3044222,
546.7852594,
546.2559591,
545.7165423,
545.1670303,
544.6074447,
544.0378076,
543.4581416,
542.8684694,
542.2688145,
541.6592004,
541.0396512,
540.4101914,
539.7708458,
539.1216398,
538.4625988,
537.7937489,
537.1151166,
536.4267286,
535.7286121,
535.0207946,
534.3033042,
533.576169,
532.8394179,
532.0930799,
531.3371845,
530.5717615,
529.7968412,
529.0124541,
528.2186311,
527.4154038,
526.6028036,
525.7808628,
524.9496138,
524.1090893,
523.2593226,
522.4003473,
521.5321972,
520.6549066,
519.7685101,
518.8730427,
517.9685399,
517.0550372,
516.1325708,
515.2011771,
514.2608928,
513.3117551,
512.3538014,
511.3870695,
510.4115977,
509.4274244,
508.4345885,
507.4331291,
506.4230859,
505.4044987,
504.3774076,
503.3418533,
502.2978767,
501.2455189,
500.1848214,
499.1158263,
498.0385755,
496.9531118,
495.859478,
494.7577171,
493.6478728,
492.5299888,
491.4041093,
490.2702786,
489.1285417,
487.9789435,
486.8215294,
485.6563452,
484.4834367,
483.3028504,
482.1146328,
480.9188309,
479.7154918,
478.5046631,
477.2863926,
476.0607283,
474.8277186,
473.5874123,
472.3398582,
471.0851057,
469.8232042,
468.5542036,
467.2781541,
465.9951058,
464.7051096,
463.4082164,
462.1044772,
460.7939437,
459.4766675,
458.1527007,
456.8220955,
455.4849045,
454.1411804,
452.7909763,
451.4343454,
450.0713414,
448.7020181,
447.3264295,
445.9446299,
444.5566739,
443.1626163,
441.762512,
440.3564165,
438.9443851,
437.5264736,
436.1027381,
434.6732346,
433.2380198,
431.7971501,
430.3506825,
428.8986741,
427.4411823,
425.9782644,
424.5099784,
423.0363822,
421.5575339,
420.073492,
418.584315,
417.0900617,
415.5907911,
414.0865624,
412.5774349,
411.0634683,
409.5447224,
408.021257,
406.4931323,
404.9604087,
403.4231467,
401.8814069,
400.3352502,
398.7847376,
397.2299305,
395.67089,
394.1076779,
392.5403558,
390.9689855,
389.3936292,
387.814349,
386.2312073,
384.6442665,
383.0535893,
381.4592385,
379.861277,
378.259768,
376.6547746,
375.0463603,
373.4345885,
371.8195228,
370.201227,
368.579765,
366.9552009,
365.3275986,
363.6970226,
362.0635371,
360.4272067,
358.7880959,
357.1462695,
355.5017923,
353.8547292,
352.2051452,
350.5531055,
348.8986752,
347.2419197,
345.5829044,
343.9216947,
342.2583564,
340.5929549,
338.9255562,
337.2562259,
335.5850301,
333.9120346,
332.2373056,
330.5609091,
328.8829113,
327.2033785,
325.522377,
323.8399731,
322.1562332,
320.4712239,
318.7850117,
317.097663,
315.4092446,
313.7198231,
312.0294651,
310.3382375,
308.6462069,
306.9534403,
305.2600043,
303.5659659,
301.8713919,
300.1763493,
298.480905,
296.7851258,
295.0890787,
293.3928308,
291.6964489,
290,
288.3035511,
286.6071692,
284.9109213,
283.2148742,
281.519095,
279.8236507,
278.1286081,
276.4340341,
274.7399957,
273.0465597,
271.3537931,
269.6617625,
267.9705349,
266.2801769,
264.5907554,
262.902337,
261.2149883,
259.5287761,
257.8437668,
256.1600269,
254.477623,
252.7966215,
251.1170887,
249.4390909,
247.7626944,
246.0879654,
244.4149699,
242.7437741,
241.0744438,
239.4070451,
237.7416436,
236.0783053,
234.4170956,
232.7580803,
231.1013248,
229.4468945,
227.7948548,
226.1452708,
224.4982077,
222.8537305,
221.2119041,
219.5727933,
217.9364629,
216.3029774,
214.6724014,
213.0447991,
211.420235,
209.798773,
208.1804772,
206.5654115,
204.9536397,
203.3452254,
201.740232,
200.138723,
198.5407615,
196.9464107,
195.3557335,
193.7687927,
192.185651,
190.6063708,
189.0310145,
187.4596442,
185.8923221,
184.32911,
182.7700695,
181.2152624,
179.6647498,
178.1185931,
176.5768533,
175.0395913,
173.5068677,
171.978743,
170.4552776,
168.9365317,
167.4225651,
165.9134376,
164.4092089,
162.9099383,
161.415685,
159.926508,
158.4424661,
156.9636178,
155.4900216,
154.0217356,
152.5588177,
151.1013259,
149.6493175,
148.2028499,
146.7619802,
145.3267654,
143.8972619,
142.4735264,
141.0556149,
139.6435835,
138.237488,
136.8373837,
135.4433261,
134.0553701,
132.6735705,
131.3003314,
129.9381374,
128.5871629,
127.2475806,
125.9195612,
124.6032738,
123.2988857,
122.0065622,
120.7264668,
119.4587611,
118.2036045,
116.9611549,
115.7315678,
114.5149968,
113.3115935,
112.1215073,
110.9448856,
109.7818734,
108.632614,
107.4972481,
106.3759143,
105.268749,
104.1758863,
103.0974581,
102.0335938,
100.9844207,
99.95006359,
98.93064484,
97.92628453,
96.93710027,
95.96320726,
95.0047182,
94.06174333,
93.13439039,
92.2227646,
91.32696864,
90.44710265,
89.58326419,
88.73554824,
87.90404718,
87.08885077,
86.29004615,
85.50771781,
84.74194757,
83.9928146,
83.26039537,
82.54476368,
81.84599059,
81.16414447,
80.49929096,
79.85149294,
79.22081058,
78.60730128,
78.01101967,
77.43201763,
76.87034424,
76.32604582,
75.79916589,
75.28974519,
74.79782166,
74.32343042,
73.8666038,
73.42737134,
73.00575975,
72.60179293,
72.21549197,
71.84687516,
71.49595797,
71.16275305,
70.84727025,
70.54951661,
70.26949637,
70.00721095,
69.76265899,
69.53583633,
69.32673601,
69.1353483,
68.96166068,
68.80565785,
68.66732177,
68.54663161,
68.4435638,
68.35809206,
68.29018732,
68.23981783,
68.20694911,
68.19154398,
68.19356258,
68.21296235,
68.24969808,
68.30372191,
68.37498331,
68.46342917,
68.56900372,
68.69164863,
68.83130298,
68.98790327,
69.16138346,
69.35167498,
69.55870676,
69.7754657,
69.994937,
70.21704438,
70.44171063,
70.66885763,
70.89840633,
71.13027682,
71.36438833,
71.60065922,
71.83900706,
72.07934861,
72.32159985,
72.565676,
72.81149155,
73.05896027,
73.30799525,
73.5585089,
73.81041299,
74.06361865,
74.31803644,
74.57357631,
74.83014767,
75.0876594,
75.34601988,
75.60513698,
75.86491813,
76.12527033,
76.38610015,
76.64731379,
76.90881707,
77.17051548,
77.4323142,
77.69411811,
77.95583185,
78.21735981,
78.47860614,
78.73947484,
78.99986973,
79.25969449,
79.5188527,
79.77724784,
80.03478334,
80.29136259,
80.54688896,
80.80126586,
81.05439671,
81.30618504,
81.55653443,
81.8053486,
82.05253142,
82.29798691,
82.54161932,
82.78333308,
83.02303291,
83.26062376,
83.49601091,
83.72909996,
83.95979685,
84.1880079,
84.41363983,
84.6365998,
84.85679539,
85.07413469,
85.28852626,
85.49987922,
85.70810321,
85.91310847,
86.11480582,
86.31310672,
86.50792328,
86.69916826,
86.88675514,
87.07059812,
87.25061213,
87.42671289,
87.59881689,
87.76684145,
87.93070472,
88.09032571,
88.24562432,
88.39652135,
88.54293852,
88.68479852,
88.82202499,
88.95454257,
89.08227693,
89.20515475,
89.32310378,
89.43605284,
89.54393185,
89.64667185,
89.744205,
89.83646463,
89.92338525,
90.00490254,
90.08095342,
90.15147602,
90.21640972,
90.27569517,
90.32927432,
90.37709038,
90.41908792,
90.4552128,
90.48541227,
90.50963491,
90.52783071,
90.53995103,
90.54594865,
90.54577779,
90.53939406,
90.52675458,
90.50781789,
90.48254403,
90.45089451,
90.41283237,
90.36832213,
90.31732987,
90.25982317,
90.19577117,
90.12514457,
90.04791563,
89.96405819,
89.87354767,
89.77636107,
89.67247701,
89.5618757,
89.44453897,
89.32045028,
89.18959471,
89.05195896,
88.90753138,
88.75630198,
88.5982624,
88.43340592,
88.26172751,
88.08322377,
87.89789297,
87.70573505,
87.50675162,
87.30094595,
87.08832297,
86.86888929,
86.6426532,
86.40962465,
86.16981524,
85.92323828,
85.6699087,
85.40984312,
85.14305982,
84.86957873,
84.58942144,
84.3026112,
84.00917287,
83.709133,
83.40251975,
83.08936291,
82.76969389,
82.44354575,
82.11095312,
81.77195226,
81.42658101,
81.07487881,
80.71688667,
80.35264717,
79.98220445,
79.60560421,
79.22289367,
78.83412159,
78.43933824,
78.03859539,
77.63194633,
77.21944579,
76.80115,
76.37711662,
75.94740476,
75.51207495,
75.07118913,
74.62481064,
74.17300419,
73.71583586,
73.25337309,
72.78568462,
72.31284052,
71.83491215,
71.35197216,
70.86409445,
70.37135415,
69.87382763,
69.37159246,
68.86472737,
68.35331229,
67.83742825,
67.31715744,
66.79258312,
66.26378964,
65.73086242,
65.19388788,
64.6529535,
64.1081477,
63.5595599,
63.00728046,
62.45140064,
61.89201261,
61.32920941,
60.76308492,
60.19373385,
59.62125171,
59.04573477,
58.46728005,
57.88598529,
57.30194893,
56.71527007,
56.12604846,
55.53438444,
54.94037897,
54.34413355,
53.74575023,
53.14533154,
52.5429805,
51.93880059,
51.3328957,
50.72537011,
50.11632847,
49.50587576,
48.89411728,
48.2811586,
47.66710553,
47.05206411,
46.43614057,
45.8194413,
45.20207282,
44.58414176,
43.9657548,
43.34701869,
42.72804017,
42.10892598,
41.4897828,
40.87071723,
40.25183578,
39.6332448,
39.01505049,
38.39735885,
37.78027562,
37.16390633,
36.54835619,
35.9337301,
35.32013261,
34.70766787,
34.09643967,
33.48655131,
32.87810564,
32.27120501,
31.66595125,
31.06244561,
30.46078875,
29.86108074,
29.26342098,
28.66790818,
28.07464037,
27.48371482,
26.89522804,
26.30927576,
25.72595286,
25.14535339,
24.56757051,
23.99269647,
23.42082258,
22.85203918,
22.28643562,
21.72410025,
21.16512034,
20.60958209,
20.05757061,
19.50916987,
18.96446269,
18.4235307,
17.88645433,
17.35331276,
16.82418392,
16.29914446,
15.77826971,
15.26163367,
14.74930897,
14.24136687,
13.73787721,
13.23890841,
12.74452743,
12.25479974,
11.76978934,
11.28955868,
10.81416868,
10.34367868,
9.878146448,
9.417628141,
8.962178283,
8.511849753,
8.06669376,
7.626759829,
7.192095774,
6.762747687,
6.338759917,
5.920175053,
5.507033902,
5.099375481,
4.697236993,
4.300653814,
3.909659476,
3.524285655,
3.144562153,
2.770516884,
2.402175861,
2.039563184,
1.682701025,
1.331609615,
0.986307235,
0.646810202,
0.313132859,
-0.014712435,
-0.336715319,
-0.652867432,
-0.96316243,
-1.26759599,
-1.566165817,
-1.858871656,
-2.145715296,
-2.426700579,
-2.7018334,
-2.971121722,
-3.234575572,
-3.492207051,
-3.744030335,
-3.990061683,
-4.230319432,
-4.464824008,
-4.693597921,
-4.916665772,
-5.134054248,
-5.345792128,
-5.551910278,
-5.752441654,
-5.947421296,
-6.136886332,
-6.320875971,
-6.499431501,
-6.672596286,
-6.840415765,
-7.002937439,
-7.160210875,
-7.312287696,
-7.459221575,
-7.601068226,
-7.737885403,
-7.869732887,
-7.996672477,
-8.118767985,
-8.236085225,
-8.348692,
-8.456658095,
-8.560055267,
-8.658957227,
-8.753439637,
-8.843580087,
-8.929458092,
-9.01115507,
-9.088754334,
-9.162341071,
-9.232002333,
-9.297827016,
-9.359905849,
-9.418331369,
-9.473197915,
-9.524601598,
-9.572640292,
-9.617413609,
-9.659022885,
-9.697571156,
-9.733163137,
-9.765905207,
-9.79590538,
-9.823273289,
-9.848120161,
-9.870558797,
-9.890703542,
-9.908670272,
-9.924576359,
-9.938540654,
-9.950683459,
-9.9611265,
-9.969992906,
-9.977407177,
-9.983495161,
-9.988384027,
-9.992202232,
-9.995079501,
-9.997146793,
-9.998536274,
-9.999381288,
-9.999816326,
-9.999976997,
-10,
-10,
-10,
-10,
-10,
-10,
-10,
-10,
-10,
-10,
-10,
-10,
-10,
-10,
-10,
-10,
-10,
-10,
-10,
-10,
-10,
-10,
-10,
-10,
-10,
-10,
-10,
-10,
-10,
-10,
-10,
-10,
-10,
-10,
-10,
-10,
-10,
-10,
-10,
-10,
-10,
-10,
-10,
-10,
-10,
-10,
-10,
-10,
-10,
-10,
-10,
-10,
-10,
-10,
-10,
-10,
-10,
-10,
-10,
-10,
-10,
-10,
-10,
-10,
-10,
-10,
-10,
-10,
-10,
-10,
-10,
-10,
-10,
-10,
-10,
-10,
-10,
-10,
-10,
-10,
-10,
-10,
-10,
-10,
-10,
-10,
-10,
-10,
-10,
-10,
-10,
-10,
-10,
-10,
-10,
-10,
-10,
-10,
-10,
-10,
-10,
-10,
-10,
-10,
-10,
-10,
-10,
-10,
-10,
-10,
-10,
-10,
-10,
-10,
-10,
-10,
-10,
-10,
-10,
-10,
-10,
-10,
-10,
-10,
-10,
-10,
-10,
-10,
-10,
-10,
-10,
-10,
-10,
-10,
-10,
-10,
-10,
-10,
-10,
-10,
-10,
-10,
-10,
-10,
-10,
-10,
-10,
-10,
-10,
-10,
-10,
-10,
-10,
-10,
-10,
-10,
-10,
-10,
-10,
-10,
-10;
