-5,
-5,
-5,
-5,
-5,
-5,
-5,
-5,
-5,
-5,
-5,
-5,
-5,
-5,
-5,
-5,
-5,
-5,
-5,
-5,
-5,
-5,
-5,
-5,
-5,
-5,
-5,
-5,
-5,
-5,
-5,
-5,
-5,
-5,
-5,
-5,
-5,
-5,
-5,
-5,
-5,
-5,
-5,
-5,
-5,
-5,
-5,
-5,
-5,
-5,
-5,
-5,
-5,
-5,
-5,
-5,
-5,
-5,
-5,
-5,
-5,
-5,
-5,
-5,
-5,
-5,
-5,
-5,
-5,
-5,
-5,
-5,
-5,
-5,
-5,
-5,
-5,
-5,
-5,
-5,
-5,
-5,
-5,
-5,
-5,
-5,
-5,
-5,
-5,
-5,
-5,
-5,
-5,
-5,
-5,
-5,
-5,
-5,
-5,
-5,
-5,
-5,
-5,
-5,
-5,
-5,
-5,
-5,
-5,
-5,
-5,
-5,
-5,
-5,
-5,
-5,
-5,
-5,
-5,
-5,
-5,
-5,
-5,
-5,
-5,
-5,
-5,
-5,
-5,
-5,
-5,
-5,
-5,
-5,
-5,
-5,
-5,
-5,
-5,
-5,
-5,
-5,
-5,
-5,
-5,
-5,
-5,
-5,
-5,
-5,
-5,
-5,
-5,
-5,
-5,
-5,
-5,
-5,
-5,
-5,
-5,
-4.99999243,
-4.999939443,
-4.999795627,
-4.999515587,
-4.999053946,
-4.998365357,
-4.997404508,
-4.996126128,
-4.994484995,
-4.992435943,
-4.989933871,
-4.986933744,
-4.983390607,
-4.979259588,
-4.974495906,
-4.969054875,
-4.962891917,
-4.955962563,
-4.948222465,
-4.939627396,
-4.930133265,
-4.919696117,
-4.908272144,
-4.89581769,
-4.882289258,
-4.867643517,
-4.851837309,
-4.834827654,
-4.816571758,
-4.797027022,
-4.776151043,
-4.753901625,
-4.730236784,
-4.705114757,
-4.678494002,
-4.650333212,
-4.620591318,
-4.589227495,
-4.556201167,
-4.521472019,
-4.484999997,
-4.446745318,
-4.406668473,
-4.364730237,
-4.320891674,
-4.275114141,
-4.227359295,
-4.177589101,
-4.125765835,
-4.071852093,
-4.015810794,
-3.957605187,
-3.897198857,
-3.834555732,
-3.769640086,
-3.702416546,
-3.632850096,
-3.560906089,
-3.486550241,
-3.409748648,
-3.330467785,
-3.248674512,
-3.16433608,
-3.077420138,
-2.987894733,
-2.895728323,
-2.800889773,
-2.703348369,
-2.603073815,
-2.500036242,
-2.394206215,
-2.285554731,
-2.17405323,
-2.059673598,
-1.942388168,
-1.822169731,
-1.698991534,
-1.572827288,
-1.443651172,
-1.311437836,
-1.176162408,
-1.037800494,
-0.896328185,
-0.751722059,
-0.603959187,
-0.453017137,
-0.298873975,
-0.141508271,
0.019100899,
0.182973946,
0.35013077,
0.520590751,
0.694372749,
0.871495101,
1.051975616,
1.235831571,
1.423079712,
1.613736246,
1.807816844,
2.005336633,
2.206310193,
2.41075156,
2.618674218,
2.830091099,
3.045014579,
3.263456476,
3.485428051,
3.710940001,
3.940002458,
4.17262499,
4.408816595,
4.648585702,
4.891940169,
5.138887279,
5.38943374,
5.643585685,
5.901348666,
6.162727657,
6.427727051,
6.696350659,
6.968601709,
7.244482843,
7.523996118,
7.807143007,
8.093924392,
8.384340571,
8.678391251,
8.976075551,
9.277391998,
9.582338533,
9.890912503,
10.20311067,
10.51892919,
10.83836365,
11.16140903,
11.48805972,
11.81830953,
12.15215167,
12.48957877,
12.83058285,
13.17515536,
13.52328716,
13.87496851,
14.23018909,
14.58893799,
14.95120372,
15.3169742,
15.68623678,
16.0589782,
16.43518464,
16.81484169,
17.19793437,
17.58444711,
17.97436379,
18.36766768,
18.76434149,
19.16436738,
19.56772691,
19.9744011,
20.38437038,
20.79761462,
21.21411316,
21.63384473,
22.05678754,
22.48291924,
22.91221692,
23.34465711,
23.78021582,
24.21886849,
24.66059003,
25.1053548,
25.55313663,
26.00390883,
26.45764414,
26.91431481,
27.37389254,
27.83634853,
28.30165343,
28.76977741,
29.24069008,
29.71436059,
30.19075755,
30.66984908,
31.1516028,
31.63598582,
32.12296478,
32.6125058,
33.10457455,
33.59913618,
34.0961554,
34.59559642,
35.09742298,
35.60159835,
36.10808536,
36.61684636,
37.12784324,
37.64103746,
38.15639001,
38.67386145,
39.19341189,
39.71500102,
40.23858809,
40.76413191,
41.2915909,
41.82092304,
42.35208588,
42.8850366,
43.41973195,
43.95612827,
44.49418154,
45.0338473,
45.57508074,
46.11783666,
46.66206948,
47.20773323,
47.75478159,
48.30316788,
48.85284505,
49.4037657,
49.95588208,
50.50914608,
51.06350929,
51.61892292,
52.17533789,
52.73270475,
53.29097379,
53.85009493,
54.4100178,
54.97069175,
55.5320658,
56.09408869,
56.65670887,
57.21987451,
57.78353349,
58.34763345,
58.91212172,
59.47694541,
60.04205134,
60.60738612,
61.17289609,
61.73852735,
62.30422579,
62.86993706,
63.43560659,
64.0011796,
64.56660111,
65.13181593,
65.69676867,
66.26140378,
66.82566549,
67.38949788,
67.95284487,
68.51565018,
69.07785742,
69.63941002,
70.20025129,
70.76032438,
71.31957234,
71.87793809,
72.43536444,
72.99179407,
73.5471696,
74.10143354,
74.6545283,
75.20639626,
75.75697968,
76.30622078,
76.85406175,
77.40044471,
77.94531174,
78.48860489,
79.03026622,
79.57023774,
80.10846147,
80.64487944,
81.17943368,
81.71206625,
82.24271922,
82.77133472,
83.29785491,
83.82222201,
84.34437829,
84.86426612,
85.38182792,
85.8970062,
86.4097436,
86.91998281,
87.42766669,
87.93273818,
88.43514038,
88.93481653,
89.43170999,
89.92576431,
90.41692319,
90.90513052,
91.39033037,
91.87246699,
92.35148485,
92.82732863,
93.29994322,
93.76927375,
94.23526559,
94.69786434,
95.15701588,
95.61266634,
96.06476213,
96.51324993,
96.95807672,
97.3991898,
97.83653674,
98.27006545,
98.69972418,
99.12546147,
99.54722625,
99.96496778,
100.3786357,
100.7881799,
101.1935509,
101.5946993,
101.9915764,
102.3841337,
102.772323,
103.1560969,
103.535408,
103.9102097,
104.2804556,
104.6460998,
105.0070969,
105.3634019,
105.7149704,
106.0617583,
106.4037222,
106.7408189,
107.0730061,
107.4002416,
107.722484,
108.0396922,
108.3518259,
108.6588451,
108.9607105,
109.2573831,
109.5488249,
109.834998,
110.1158653,
110.3913903,
110.661537,
110.92627,
111.1855544,
111.4393562,
111.6876417,
111.9303778,
112.1675324,
112.3990735,
112.6249701,
112.8451916,
113.0597083,
113.2684909,
113.4715109,
113.6687403,
113.8601519,
114.045719,
114.2254158,
114.399217,
114.567098,
114.7290348,
114.8850044,
115.034984,
115.1789519,
115.3168869,
115.4487685,
115.5745771,
115.6942934,
115.8078992,
115.9153768,
116.0167094,
116.1118806,
116.200875,
116.2836778,
116.360275,
116.4306532,
116.4947999,
116.5527032,
116.604352,
116.6497358,
116.688845,
116.7216708,
116.7482048,
116.7684397,
116.7823687,
116.789986,
116.7912863,
116.7862651,
116.7749187,
116.7572442,
116.7332394,
116.7029027,
116.6662334,
116.6232317,
116.5738981,
116.5182344,
116.4591341,
116.3994916,
116.3393095,
116.278591,
116.217339,
116.1555568,
116.0932477,
116.0304153,
115.9670629,
115.9031945,
115.8388138,
115.7739248,
115.7085315,
115.6426382,
115.5762492,
115.5093689,
115.4420019,
115.374153,
115.3058268,
115.2370283,
115.1677627,
115.098035,
115.0278506,
114.9572149,
114.8861334,
114.8146117,
114.7426558,
114.6702713,
114.5974645,
114.5242413,
114.4506081,
114.3765712,
114.3021371,
114.2273124,
114.1521039,
114.0765184,
114.0005628,
113.9242443,
113.8475701,
113.7705475,
113.6931839,
113.6154869,
113.5374642,
113.4591237,
113.3804731,
113.3015206,
113.2222744,
113.1427428,
113.0629341,
112.982857,
112.90252,
112.821932,
112.7411019,
112.6600387,
112.5787517,
112.4972501,
112.4155433,
112.3336409,
112.2515527,
112.1692883,
112.0868578,
112.0042713,
111.921539,
111.8386712,
111.7556784,
111.6725713,
111.5893607,
111.5060574,
111.4226725,
111.3392173,
111.2557029,
111.172141,
111.0885432,
111.0049212,
110.921287,
110.8376526,
110.7540303,
110.6704324,
110.5868714,
110.5033601,
110.4199113,
110.336538,
110.2532532,
110.1700703,
110.0870029,
110.0040643,
109.9212686,
109.8386295,
109.7561612,
109.673878,
109.5917942,
109.5099244,
109.4282833,
109.3468859,
109.2657473,
109.1848825,
109.1043071,
109.0240364,
108.9440864,
108.8644727,
108.7850453,
108.7056498,
108.6262955,
108.5469917,
108.4677484,
108.3885752,
108.3094824,
108.2304801,
108.1515789,
108.0727895,
107.9941228,
107.9155898,
107.8372018,
107.7589704,
107.6809073,
107.6030244,
107.5253339,
107.4478482,
107.3705797,
107.2935414,
107.2167462,
107.1402074,
107.0639384,
106.9879529,
106.9122647,
106.8368881,
106.7618373,
106.6871269,
106.6127717,
106.5387866,
106.4651869,
106.391988,
106.3192056,
106.2468555,
106.1749539,
106.1035169,
106.0325612,
105.9621035,
105.8921606,
105.8227499,
105.7538885,
105.685594,
105.6178843,
105.5507772,
105.484291,
105.418444,
105.3532546,
105.2887417,
105.2249242,
105.161821,
105.0994516,
105.0378353,
104.9769918,
104.9169408,
104.8577022,
104.7992962,
104.741743,
104.6850629,
104.6292765,
104.5744044,
104.5204675,
104.4674866,
104.4154827,
104.3644771,
104.314491,
104.2655456,
104.2176626,
104.1708633,
104.1251694,
104.0806026,
104.0371847,
103.9949375,
103.9538828,
103.9140425,
103.8754387,
103.8380933,
103.8020283,
103.7672658,
103.7338277,
103.7017363,
103.6710134,
103.6416811,
103.6137614,
103.5872763,
103.5622477,
103.5386976,
103.5166476,
103.4961197,
103.4771356,
103.4597167,
103.4438848,
103.4296612,
103.4170672,
103.4061242,
103.3968531,
103.3892751,
103.3834108,
103.3792811,
103.3769065,
103.3763073,
103.3775037,
103.3805159,
103.3853635,
103.3920664,
103.4006439,
103.4111153,
103.4234996,
103.4378155,
103.4540817,
103.4723165,
103.4925379,
103.5147637,
103.5390115,
103.5652985,
103.5936417,
103.6240578,
103.6565633,
103.6911741,
103.7279062,
103.766775,
103.8077955,
103.8509827,
103.8963511,
103.9439147,
103.9936873,
104.0456825,
104.0999132,
104.1563921,
104.2151317,
104.2761438,
104.3394399,
104.4050314,
104.4729289,
104.5431428,
104.6156831,
104.6905593,
104.7677807,
104.8473558,
104.9292931,
105.0136003,
105.1002849,
105.189354,
105.280814,
105.374671,
105.4709308,
105.5695985,
105.6706789,
105.7741763,
105.8800945,
105.988437,
106.0992065,
106.2124055,
106.328036,
106.4460995,
106.5665971,
106.6895291,
106.8148958,
106.9426966,
107.0729307,
107.2055967,
107.3406927,
107.4782164,
107.6181649,
107.7605348,
107.9053225,
108.0525235,
108.202133,
108.3541459,
108.5085563,
108.6653579,
108.8245441,
108.9861075,
109.1500406,
109.3163349,
109.484982,
109.6559726,
109.829297,
110.0049451,
110.1829063,
110.3631695,
110.5457231,
110.7305551,
110.917653,
111.1070037,
111.2985938,
111.4924093,
111.6884359,
111.8866587,
112.0870624,
112.2896312,
112.4943489,
112.7011987,
112.9101636,
113.1212259,
113.3343677,
113.5495705,
113.7668153,
113.9860829,
114.2073534,
114.4306067,
114.6558222,
114.8829788,
115.1120551,
115.3430292,
115.5758788,
115.8105813,
116.0471135,
116.2854521,
116.5255731,
116.7674523,
117.011065,
117.2563863,
117.5033907,
117.7520524,
118.0023453,
118.254243,
118.5077186,
118.7627447,
119.019294,
119.2773384,
119.5368498,
119.7977996,
120.0601587,
120.323898,
120.588988,
120.8553987,
121.1230999,
121.3920611,
121.6622516,
121.9336401,
122.2061954,
122.4798856,
122.7546789,
123.0305429,
123.3074451,
123.5853527,
123.8642326,
124.1440515,
124.4247758,
124.7063716,
124.9888048,
125.2720411,
125.5560459,
125.8407845,
126.1262216,
126.4123221,
126.6990505,
126.986371,
127.2742479,
127.5626448,
127.8515255,
128.1408536,
128.4305922,
128.7207044,
129.0111533,
129.3019015,
129.5929115,
129.8841458,
130.1755667,
130.4671361,
130.758816,
131.0505681,
131.3423541,
131.6341355,
131.9258735,
132.2175294,
132.5090643,
132.8004391,
133.0916146,
133.3825516,
133.6732107,
133.9635523,
134.253537,
134.5431249,
134.8322764,
135.1209514,
135.4091102,
135.6967126,
135.9837185,
136.2700878,
136.5557802,
136.8407554,
137.1249731,
137.4083928,
137.690974,
137.9726764,
138.2534592,
138.5332819,
138.812104,
139.0898848,
139.3665836,
139.6421597,
139.9165725,
140.1897813,
140.4617453,
140.7324238,
141.0017761,
141.2697616,
141.5363394,
141.8014691,
142.0651098,
142.327221,
142.5877621,
142.8466924,
143.1039715,
143.3595588,
143.6134139,
143.8654964,
144.1157658,
144.364182,
144.6107046,
144.8552934,
145.0979083,
145.3385093,
145.5770564,
145.8135097,
146.0478293,
146.2799755,
146.5099087,
146.7375893,
146.9629779,
147.186035,
147.4067214,
147.624998,
147.8408256,
148.0541655,
148.2649787,
148.4732265,
148.6788705,
148.8818721,
149.082193,
149.2797952,
149.4746404,
149.6666909,
149.855909,
150.0422569,
150.2256973,
150.4061929,
150.5837066,
150.7582015,
150.9296407,
151.0979877,
151.2632059,
151.4252593,
151.5841117,
151.7397272,
151.8920703,
152.0411053,
152.186797,
152.3291105,
152.4680107,
152.6034632,
152.7354334,
152.8638872,
152.9887906,
153.1101099,
153.2278116,
153.3418625,
153.4522296,
153.5588802,
153.6617817,
153.760902,
153.8562091,
153.9476714,
154.0352576,
154.1189364,
154.1986771,
154.2744492,
154.3462225,
154.4139672,
154.4776536,
154.5372526,
154.5927351,
154.6440726,
154.6912369,
154.7342001,
154.7729347,
154.8074134,
154.8376095,
154.8634965,
154.8850484,
154.9022395,
154.9150446,
154.9234387,
154.9273975,
154.9268968,
154.9219131,
154.9124232,
154.8984044,
154.8798343,
154.8566911,
154.8289533,
154.7966002,
154.7596113,
154.7179665,
154.6716465,
154.6206322,
154.5649053,
154.5044477,
154.439242,
154.3692714,
154.2945195,
154.2149704,
154.130609,
154.0414205,
153.9473909,
153.8485065,
153.7447544,
153.6361222,
153.5225982,
153.4041711,
153.2808305,
153.1525665,
153.0193697,
152.8812315,
152.7381438,
152.5900994,
152.4370915,
152.2791141,
152.1161619,
151.9482301,
151.7753149,
151.597413,
151.4145217,
151.2266392,
151.0337645,
150.8358969,
150.633037,
150.4251857,
150.2123448,
149.994517,
149.7717054,
149.5439142,
149.3111482,
149.073413,
148.8307151,
148.5830616,
148.3304605,
148.0729207,
147.8104515,
147.5430636,
147.270768,
146.9935769,
146.711503,
146.42456,
146.1327624,
145.8361257,
145.5346659,
145.2284001,
144.9173461,
144.6015228,
144.2809497,
143.9556471,
143.6256365,
143.29094,
142.9515806,
142.6075822,
142.2589696,
141.9057684,
141.5480051,
141.1857071,
140.8189027,
140.447621,
140.0718921,
139.6917468,
139.3072169,
138.9183351,
138.5251349,
138.1276507,
137.7259179,
137.3199725,
136.9098518,
136.4955935,
136.0772366,
135.6548207,
135.2283863,
134.7979749,
134.3636288,
133.9253912,
133.4833061,
133.0374183,
132.5877737,
132.1344189,
131.6774013,
131.2167692,
130.7525719,
130.2848592,
129.8136821,
129.3390922,
128.861142,
128.379885,
127.8953751,
127.4076674,
126.9168177,
126.4228825,
125.9259192,
125.4259861,
124.9231419,
124.4174466,
123.9089607,
123.3977453,
122.8838626,
122.3673753,
121.8483471,
121.3268421,
120.8029255,
120.276663,
119.748121,
119.2173667,
118.684468,
118.1494935,
117.6125124,
117.0735947,
116.5328109,
115.9902323,
115.4459309,
114.8999792,
114.3524503,
113.8034181,
113.2529569,
112.7011419,
112.1480486,
111.5937531,
111.0383323,
110.4818635,
109.9244246,
109.3660939,
108.8069504,
108.2470736,
107.6865435,
107.1254404,
106.5638454,
106.0018399,
105.4395057,
104.8769252,
104.3141812,
103.7513569,
103.1885358,
102.6258021,
102.06324,
101.5009345,
100.9389705,
100.3774338,
99.81641001,
99.25598542,
98.69624648,
98.13728,
97.57917305,
97.02201301,
96.46588749,
95.91088438,
95.35709179,
94.80459806,
94.25349175,
93.70386162,
93.1557966,
92.60938581,
92.06471852,
91.52188414,
90.98097224,
90.44207248,
89.90527464,
89.37066859,
88.83834429,
88.30839174,
87.78090101,
87.25596222,
86.7336655,
86.21410098,
85.69735881,
85.18352912,
84.672702,
84.16496751,
83.66041565,
83.15913635,
82.66121945,
82.16675471,
81.67583176,
81.18854012,
80.70496916,
80.22520811,
79.74934603,
79.27747181,
78.80967412,
78.34604147,
77.8866621,
77.43162406,
76.98101512,
76.53492282,
76.0934344,
75.65663682,
75.22461675,
74.79746054,
74.3752542,
73.9580834,
73.54603348,
73.13918937,
72.73763565,
72.3414565,
71.95073566,
71.56555647,
71.18600185,
70.81215422,
70.44409558,
70.08190743,
69.72567078,
69.37546613,
69.03137347,
68.69347225,
68.36184137,
68.03655918,
67.71770345,
67.40535135,
67.09957946,
66.80046374,
66.50807952,
66.22250149,
65.94380368,
65.67205944,
65.40734144,
65.14972165,
64.89927134,
64.65606103,
64.42016052,
64.19163883,
63.97056424,
63.75700422,
63.55102546,
63.35269384,
63.16207438,
62.97923132,
62.80422799,
62.63712689,
62.47798961,
62.32687687,
62.18384845,
62.04896325,
61.92227917,
61.80385322,
61.69374139,
61.59199872,
61.49867925,
61.413836,
61.33752098,
61.26978515,
61.21067841,
61.16024962,
61.11854653,
61.08561583,
61.06150306,
61.04625266,
61.03990794,
61.04251104,
61.05410296,
61.07472348,
61.10441123,
61.14320361,
61.1911368,
61.24824577,
61.3145642,
61.39012455,
61.47495799,
61.56909438,
61.67256231,
61.78538905,
61.90760052,
62.03922133,
62.18027471,
62.33078254,
62.49076531,
62.66024212,
62.83923067,
63.02774723,
63.22580667,
63.43342238,
63.65060633,
63.87736899,
64.11371938,
64.35966503,
64.61521195,
64.88036466,
65.15512613,
65.43949783,
65.73347965,
66.03706995,
66.35026552,
66.67306155,
67.00545168,
67.34742792,
67.6989807,
68.06009882,
68.43076944,
68.81097812,
69.20070874,
69.59994356,
70.00866316,
70.42684645,
70.85447066,
71.29151135,
71.73794237,
72.19373589,
72.65886234,
73.13329047,
73.61698729,
74.10991807,
74.61204638,
75.12333401,
75.64374104,
76.17322578,
76.71174479,
77.25925286,
77.81570301,
78.38104652,
78.95523287,
79.53820977,
80.12992314,
80.73031713,
81.3393341,
81.95691462,
82.58299745,
83.21751959,
83.86041623,
84.51162075,
85.17106476,
85.83867805,
86.51438862,
87.19812268,
87.88980464,
88.58935711,
89.29670091,
90.01175507,
90.73443681,
91.46466159,
92.20234306,
92.94739311,
93.69972183,
94.45923755,
95.22584681,
95.99945442,
96.77996338,
97.56727498,
98.36128872,
99.16190239,
99.96901202,
100.7825119,
101.6022947,
102.4282512,
103.2602705,
104.0982403,
104.9420461,
105.7915722,
106.6467009,
107.5073131,
108.3732878,
109.2445025,
110.1208331,
111.0021539,
111.8883374,
112.7792548,
113.6747754,
114.5747673,
115.4790968,
116.3876287,
117.3002264,
118.2167517,
119.1370649,
120.0610248,
120.9884891,
121.9193135,
122.8533526,
123.7904597,
124.7304864,
125.6732833,
126.6186995,
127.5665825,
128.516779,
129.4691341,
130.4234918,
131.3796946,
132.337584,
133.2970004,
134.2577829,
135.2197693,
136.1827965,
137.1467002,
138.1113151,
139.0764748,
140.0420119,
141.0077579,
141.9735435,
142.9391983,
143.9045511,
144.8694297,
145.8336612,
146.7970717,
147.7594865,
148.7207303,
149.6806269,
150.6389995,
151.5956703,
152.5504614,
153.5031937,
154.453688,
155.4017642,
156.3472418,
157.2899398,
158.2296768,
159.1662709,
160.0995399,
161.029301,
161.9553714,
162.8775679,
163.7957069,
164.7096047,
165.6190776,
166.5239415,
167.4240122,
168.3191056,
169.2090376,
170.0936238,
170.9726802,
171.8460227,
172.7134674,
173.5748305,
174.4299285,
175.278578,
176.1205961,
176.9558,
177.7840075,
178.6050366,
179.4187058,
180.2248342,
181.0232413,
181.8137474,
182.5961731,
183.3703399,
184.13607,
184.8931861,
185.641512,
186.3808721,
187.111092,
187.8319978,
188.5434168,
189.2451773,
189.9371088,
190.6190414,
191.290807,
191.9522382,
192.603169,
193.2434347,
193.8728718,
194.4913184,
195.0986138,
195.6945988,
196.2791157,
196.8520083,
197.4131222,
197.9623044,
198.4994036,
199.0242704,
199.5367568,
200.0367171,
200.5240071,
200.9984845,
201.4600092,
201.9084427,
202.343649,
202.7654937,
203.1738449,
203.5685725,
203.9495489,
204.3166486,
204.6697484,
205.0087274,
205.333467,
205.6438513,
205.9397664,
206.2211013,
206.4877473,
206.7395983,
206.9765508,
207.198504,
207.4053597,
207.5970224,
207.7733995,
207.9344011,
208.0799402,
208.2099324,
208.3242965,
208.4229542,
208.50583,
208.5728515,
208.6239493,
208.6590572,
208.678112,
208.6810535,
208.6678248,
208.6383723,
208.5926453,
208.5305966,
208.4521823,
208.3573616,
208.2460971,
208.1183549,
207.9741042,
207.8133179,
207.635972,
207.4420463,
207.2315238,
207.0043911,
206.7606382,
206.5002588,
206.22325,
205.9296125,
205.6193506,
205.2924721,
204.9489885,
204.5889149,
204.2122701,
203.8190764,
203.4093598,
202.9831501,
202.5404805,
202.0813881,
201.6059136,
201.1141015,
200.6059998,
200.0816604,
199.5411388,
198.9844942,
198.4117896,
197.8230916,
197.2184705,
196.5980004,
195.9617591,
195.3098279,
194.6422921,
193.9592403,
193.2607653,
192.546963,
191.8179334,
191.0737798,
190.3146095,
189.5405332,
188.7516651,
187.9481233,
187.1300292,
186.2975079,
185.4506881,
184.589702,
183.7146851,
182.8257767,
181.9231193,
181.006859,
180.0771453,
179.134131,
178.1779723,
177.2088288,
176.2268633,
175.2322421,
174.2251345,
173.205713,
172.1741536,
171.1306352,
170.0753397,
169.0084525,
167.9301616,
166.8406584,
165.7401368,
164.6287942,
163.5068304,
162.3744484,
161.2318537,
160.0792549,
158.9168631,
157.744892,
156.5635583,
155.3730808,
154.1736813,
152.9655837,
151.7490147,
150.5242032,
149.2913803,
148.0507797,
146.8026372,
145.5471907,
144.2846805,
143.0153485,
141.7394392,
140.4571987,
139.1688752,
137.8747185,
136.5749805,
135.2699147,
133.9597762,
132.644822,
131.3253105,
130.0015014,
128.6736562,
127.3420377,
126.0069097,
124.6685378,
123.3271883,
121.983129,
120.6366286,
119.2879567,
117.9373841,
116.5851824,
115.2316238,
113.8769816,
112.5215294,
111.1655418,
109.8092938,
108.4530607,
107.0971185,
105.7417434,
104.387212,
103.033801,
101.6817873,
100.3314479,
98.98305987,
97.63690011,
96.29324552,
94.95237276,
93.61455828,
92.2800782,
90.94920825,
89.62222373,
88.29939941,
86.9810095,
85.66732755,
84.3586264,
83.0551781,
81.75725388,
80.46512403,
79.17905789,
77.89932374,
76.62618877,
75.35991899,
74.10077918,
72.84903281,
71.60494201,
70.36876747,
69.14076839,
67.92120243,
66.71032564,
65.50839239,
64.31565532,
63.13236527,
61.95877124,
60.79512031,
59.64165757,
58.49862612,
57.36626693,
56.24481885,
55.13451853,
54.03560034,
52.94829637,
51.87283633,
50.80944749,
49.75835466,
48.71978015,
47.69394364,
46.68106223,
45.6813503,
44.69501953,
43.72227881,
42.7633342,
41.81838888,
40.88764313,
39.97129425,
39.06953653,
38.1825612,
37.31055639,
36.4537071,
35.61219513,
34.78619906,
33.97589423,
33.18145262,
32.40304292,
31.64083042,
30.89497698,
30.16564102,
29.45297747,
28.75713774,
28.07826968,
27.41651754,
26.77202198,
26.14491998,
25.53534486,
24.94342622,
24.36928992,
23.81305806,
23.27484897,
22.75477712,
22.25295319,
21.76948397,
21.30447236,
20.85801737,
20.43168814,
20.02707398,
19.64429557,
19.28346603,
18.94469088,
18.62806801,
18.33368761,
18.06163217,
17.81197644,
17.5847874,
17.38012426,
17.19803839,
17.03857335,
16.90176487,
16.78764082,
16.69622124,
16.62751827,
16.58153625,
16.55827163,
16.55771304,
16.57984127,
16.62462929,
16.69204229,
16.78203766,
16.89456504,
17.02956637,
17.18697586,
17.3667201,
17.56871802,
17.79288099,
18.03911285,
18.30730994,
18.59736115,
18.90914802,
19.24254472,
19.59741819,
19.97362814,
20.37102716,
20.78946074,
21.22876741,
21.68877875,
22.1693195,
22.67020765,
23.19125449,
23.73226472,
24.29303653,
24.87336171,
25.47302572,
26.09180778,
26.72948101,
27.38581249,
28.06056339,
28.75348905,
29.46433914,
30.1928577,
30.9387833,
31.70184916,
32.48178323,
33.27830836,
34.09114236,
34.91999818,
35.764584,
36.62460339,
37.49975538,
38.38973465,
39.29423166,
40.21293271,
41.14552018,
42.09167259,
43.05106475,
44.02336794,
45.00825,
46.00537549,
47.01440585,
48.03499952,
49.06681207,
50.10949641,
51.16270286,
52.22607934,
53.29927149,
54.38192285,
55.473675,
56.57416767,
57.68303895,
58.79992539,
59.92446217,
61.05628325,
62.19502153,
63.34030895,
64.49177673,
65.64905541,
66.81177509,
67.97956554,
69.15205633,
70.32887704,
71.50965733,
72.69402714,
73.88161684,
75.07205732,
76.2649802,
77.45712648,
78.64523846,
79.82895166,
81.00790349,
82.18173342,
83.35008307,
84.51259638,
85.66891975,
86.81870215,
87.9615953,
89.09725373,
90.22533497,
91.34549965,
92.45741166,
93.56073821,
94.65515002,
95.74032142,
96.81593043,
97.88165896,
98.93719282,
99.98222194,
101.0164404,
102.0395466,
103.0512433,
104.0512378,
105.0392419,
106.0149723,
106.9781503,
107.9285022,
108.8657593,
109.7896579,
110.6999396,
111.596351,
112.4786444,
113.3465773,
114.1999125,
115.0384188,
115.8618703,
116.6700469,
117.4627343,
118.239724,
119.0008135,
119.7458062,
120.4745114,
121.1867446,
121.8823273,
122.5610873,
123.2228585,
123.867481,
124.4948014,
125.1046724,
125.696953,
126.2715089,
126.8282119,
127.3669404,
127.8875791,
128.3900192,
128.8741586,
129.3399014,
129.7871583,
130.2158466,
130.62589,
131.0172189,
131.3897698,
131.7434862,
132.0783178,
132.3942209,
132.6911581,
132.9690986,
133.2280181,
133.4678985,
133.6887284,
133.8905024,
134.0732217,
134.2368937,
134.3815321,
134.5071567,
134.6137937,
134.7014752,
134.7702397,
134.8201314,
134.8512007,
134.863504,
134.8571035,
134.8320672,
134.788469,
134.7263884,
134.6459106,
134.5471263,
134.4301319,
134.2950292,
134.1419251,
133.9709323,
133.7821682,
133.5757557,
133.3518227,
133.110502,
132.8519314,
132.5762535,
132.2836156,
131.9741696,
131.6480721,
131.3054841,
130.9465709,
130.5715022,
130.1804519,
129.7735978,
129.3511219,
128.91321,
128.4600518,
127.9918406,
127.5087732,
127.0110502,
126.4988753,
125.9724556,
125.4320015,
124.8777262,
124.3098461,
123.7285805,
123.1341512,
122.526783,
121.9067029,
121.2741406,
120.6293281,
119.9724995,
119.303891,
118.623741,
117.9322896,
117.2297788,
116.5164523,
115.7925552,
115.0583342,
114.3140375,
113.5599141,
112.7962147,
112.0231905,
111.241094,
110.4501784,
109.6506976,
108.842906,
108.0270588,
107.2034112,
106.372219,
105.533738,
104.6882243,
103.8359339,
102.9771225,
102.1120458,
101.2409592,
100.3641175,
99.48177522,
98.59418615,
97.70160343,
96.80427939,
95.90246549,
94.99641225,
94.08636909,
93.17258431,
92.25530497,
91.33477682,
90.41124421,
89.48494998,
88.55613543,
87.62504023,
86.69190228,
85.75695773,
84.82044083,
83.88258389,
82.94361719,
82.00376894,
81.06326518,
80.12232973,
79.18118412,
78.24004752,
77.2991367,
76.35866595,
75.41884701,
74.47988905,
73.54199859,
72.60537946,
71.67023274,
70.73675669,
69.80514675,
68.87559547,
67.94829245,
67.02342432,
66.1011747,
65.18172414,
64.26525011,
63.35192695,
62.44192583,
61.53541475,
60.63255847,
59.73351851,
58.83845312,
57.94751726,
57.06086255,
56.17863728,
55.30098639,
54.42805144,
53.55997059,
52.69687863,
51.83890689,
50.98618332,
50.13883241,
49.29697523,
48.46072939,
47.63020908,
46.80552503,
45.98678452,
45.17409139,
44.36754604,
43.56724546,
42.77328317,
41.9857493,
41.20473056,
40.43031028,
39.66256839,
38.90158144,
38.14742266,
37.4001619,
36.65986572,
35.92659739,
35.20041687,
34.48138089,
33.76954295,
33.06495333,
32.36765914,
31.67770435,
30.99512979,
30.31997319,
29.65226925,
28.99204961,
28.33934292,
27.69417489,
27.05656827,
26.42654293,
25.8041159,
25.18930137,
24.58211077,
23.98255279,
23.3906334,
22.80635594,
22.22972112,
21.66072708,
21.09936943,
20.5456413,
19.99953337,
19.46103393,
18.93012891,
18.40680193,
17.89103438,
17.38280541,
16.88209201,
16.38886907,
15.90310938,
15.42478374,
14.95386096,
14.49030793,
14.03408968,
13.58516939,
13.14350847,
12.70906663,
12.28180187,
11.86167057,
11.44862755,
11.04262609,
10.64361798,
10.25155361,
9.866381955,
9.488050691,
9.116506197,
8.751693623,
8.393556936,
8.04203897,
7.697081469,
7.358625143,
7.026609707,
6.700973937,
6.381655709,
6.068592052,
5.76171919,
5.46097259,
5.166287007,
4.877596527,
4.594834614,
4.317934153,
4.046827492,
3.781446487,
3.521722541,
3.267586648,
3.018969435,
2.775801199,
2.538011948,
2.305531441,
2.078289225,
1.856214674,
1.639237024,
1.42728541,
1.220288903,
1.018176541,
0.820877366,
0.628320457,
0.44043496,
0.257150121,
0.078395317,
-0.095899916,
-0.265805849,
-0.43139254,
-0.5927298,
-0.749887167,
-0.902933886,
-1.051938876,
-1.196970713,
-1.338097604,
-1.475387365,
-1.6089074,
-1.73872468,
-1.864905725,
-1.987516585,
-2.10662282,
-2.222289486,
-2.33458112,
-2.443561719,
-2.549294734,
-2.651843049,
-2.751268974,
-2.847634232,
-2.940999948,
-3.031426636,
-3.118974198,
-3.203701906,
-3.285668404,
-3.364931696,
-3.441549139,
-3.515577446,
-3.587072673,
-3.656090222,
-3.722684836,
-3.786910596,
-3.848820926,
-3.908468587,
-3.965905678,
-4.021183644,
-4.074353268,
-4.125464684,
-4.174567373,
-4.221710172,
-4.266941276,
-4.310308246,
-4.351858013,
-4.391636887,
-4.429690563,
-4.466064129,
-4.500802076,
-4.533948307,
-4.565546145,
-4.595638346,
-4.624267106,
-4.651474079,
-4.677300381,
-4.701786607,
-4.724972844,
-4.74689868,
-4.767603222,
-4.787125109,
-4.805502524,
-4.822773211,
-4.838974488,
-4.854143265,
-4.868316058,
-4.881529003,
-4.893817877,
-4.905218108,
-4.915764796,
-4.925492731,
-4.934436404,
-4.942630029,
-4.95010756,
-4.956902705,
-4.963048947,
-4.968579559,
-4.973527624,
-4.977926049,
-4.981807585,
-4.985204847,
-4.988150326,
-4.99067641,
-4.992815402,
-4.994599535,
-4.99606099,
-4.997231916,
-4.998144442,
-4.998830699,
-4.999322834,
-4.999653024,
-4.9998535,
-4.999956555,
-4.999994564,
-5,
-5,
-5,
-5,
-5,
-5,
-5,
-5,
-5,
-5,
-5,
-5,
-5,
-5,
-5,
-5,
-5,
-5,
-5,
-5,
-5,
-5,
-5,
-5,
-5,
-5,
-5,
-5,
-5,
-5,
-5,
-5,
-5,
-5,
-5,
-5,
-5,
-5,
-5,
-5,
-5,
-5,
-5,
-5,
-5,
-5,
-5,
-5,
-5,
-5,
-5,
-5,
-5,
-5,
-5,
-5,
-5,
-5,
-5,
-5,
-5,
-5,
-5,
-5,
-5,
-5,
-5,
-5,
-5,
-5,
-5,
-5,
-5,
-5,
-5,
-5,
-5,
-5,
-5,
-5,
-5,
-5,
-5,
-5,
-5,
-5,
-5,
-5,
-5,
-5,
-5,
-5,
-5,
-5,
-5,
-5,
-5,
-5,
-5,
-5,
-5,
-5,
-5,
-5,
-5,
-5,
-5,
-5,
-5,
-5,
-5,
-5,
-5,
-5,
-5,
-5,
-5,
-5,
-5,
-5,
-5,
-5,
-5,
-5,
-5,
-5,
-5,
-5,
-5,
-5,
-5,
-5,
-5,
-5,
-5,
-5,
-5,
-5,
-5,
-5,
-5,
-5,
-5,
-5,
-5,
-5,
-5,
-5,
-5,
-5,
-5,
-5,
-5,
-5,
-5,
-5,
-5,
-5,
-5,
-5,
-5;
